-98980.1 (peso da AGM)
598 795
579 795
465 579
874 465
306 465
728 306
322 728
564 306
727 564
319 727
777 319
596 777
574 596
604 596
607 604
532 777
192 596
320 192
269 320
453 604
625 453
468 625
133 727
373 133
310 192
472 574
194 564
193 607
999 596
2 133
261 2
434 2
389 727
437 389
873 389
89 2
785 89
136 785
685 136
325 685
94 325
394 89
701 394
748 701
563 685
914 563
367 914
692 914
134 748
837 134
493 837
723 136
384 723
580 384
565 384
339 580
664 837
822 664
803 822
575 803
285 803
164 803
216 164
935 575
335 803
635 335
211 335
985 211
203 211
121 211
682 121
100 216
23 100
976 23
476 976
18 476
232 18
387 935
212 387
690 387
240 690
582 240
573 582
624 582
676 582
601 676
181 582
946 181
237 624
903 685
589 94
584 589
324 211
175 134
26 175
62 26
116 175
921 116
53 116
416 53
413 133
326 413
475 748
762 475
733 326
930 475
621 914
642 493
8 453
709 8
224 8
383 224
368 224
489 383
858 489
848 8
855 858
407 855
163 855
722 407
223 368
771 722
941 489
986 941
228 771
271 722
75 271
32 848
779 32
122 855
512 122
805 383
353 805
612 228
114 512
463 621
76 463
902 76
875 339
487 875
167 487
514 167
702 514
920 167
447 920
39 920
627 514
673 167
161 167
761 514
148 161
351 514
731 351
469 702
244 469
439 761
198 439
390 198
99 390
767 99
995 767
56 995
50 731
784 50
993 50
749 784
393 784
620 393
473 749
156 473
423 393
923 620
608 50
712 608
497 712
179 712
545 179
386 620
852 156
457 497
9 386
14 9
639 9
587 852
248 457
168 248
152 923
249 673
515 50
684 639
919 684
112 386
745 112
872 390
111 923
229 198
595 249
970 595
428 970
818 428
826 595
786 852
418 786
813 418
853 995
314 767
67 314
546 314
158 67
327 158
917 327
939 327
213 314
494 213
477 494
600 917
910 545
131 67
860 131
184 860
178 184
185 244
227 185
694 227
551 694
330 227
949 330
343 185
41 343
696 41
678 949
221 678
951 227
93 227
405 93
679 221
772 41
30 772
898 949
316 898
602 393
290 602
537 290
34 537
888 34
753 888
953 537
911 34
913 34
250 753
718 250
55 718
523 55
790 523
764 790
370 764
498 764
145 764
246 498
809 911
962 913
877 523
120 790
956 120
707 956
91 639
125 91
427 125
535 125
129 535
866 535
323 866
792 323
471 792
440 471
897 440
90 535
671 314
215 970
978 215
768 215
892 768
278 768
716 278
40 716
61 716
231 278
57 231
230 57
507 230
643 507
899 643
972 643
966 899
180 966
900 40
123 953
838 917
891 838
807 278
245 679
309 993
637 309
583 643
982 179
455 982
566 602
166 583
906 166
214 906
711 455
289 875
987 214
895 995
414 895
876 895
516 876
444 516
491 876
670 491
117 414
328 876
760 670
538 760
832 538
139 538
406 444
750 406
968 516
173 968
43 173
929 968
127 968
867 127
959 406
372 418
201 372
555 201
160 201
778 160
940 555
658 940
641 658
356 778
754 641
944 754
994 778
672 940
135 672
425 672
823 425
264 425
755 372
849 755
333 555
969 413
354 969
60 89
363 702
84 393
334 84
881 84
730 84
759 730
483 60
64 759
421 64
766 64
524 334
706 524
828 706
199 828
496 199
590 496
189 590
656 766
824 762
989 824
438 327
107 30
106 107
293 106
527 293
52 237
927 463
611 635
128 750
313 849
37 189
277 334
560 277
814 560
13 560
170 277
126 13
85 170
851 85
81 860
83 566
675 39
691 330
357 691
861 357
443 861
726 443
207 861
118 207
819 118
836 819
593 819
478 593
770 593
769 593
662 770
981 207
417 770
558 90
16 671
533 555
788 533
689 533
449 788
570 533
46 956
559 46
441 559
442 858
371 213
556 371
236 624
631 236
840 631
388 414
816 388
683 895
29 683
688 701
783 688
605 783
254 605
200 783
578 200
729 578
146 729
529 578
996 688
205 269
738 691
399 427
169 189
147 169
348 147
410 348
460 766
392 460
464 460
70 464
622 70
787 622
948 622
541 70
432 541
520 622
963 70
294 948
700 348
206 700
793 206
409 793
150 409
400 409
628 400
445 400
630 416
613 178
210 613
773 210
297 773
31 297
998 546
821 891
86 206
960 86
375 86
171 375
926 232
539 926
974 539
187 246
282 627
7 282
638 678
890 638
894 890
258 638
603 523
481 749
808 348
655 808
585 438
506 585
174 585
298 174
420 298
486 420
376 486
485 376
272 506
517 678
337 517
235 460
448 405
332 448
952 545
592 952
973 592
408 952
430 973
609 408
864 60
747 864
646 864
719 864
66 111
374 66
525 66
98 525
991 100
561 788
905 561
758 905
526 561
24 758
47 374
633 47
653 633
225 437
358 225
581 225
990 393
380 990
509 990
78 990
177 333
623 764
857 440
629 309
318 986
33 318
391 318
92 864
552 92
74 552
252 74
191 252
470 191
950 470
315 470
954 537
217 954
398 217
878 217
842 878
292 878
283 772
815 432
677 679
588 677
454 677
751 677
143 751
992 143
196 143
544 992
256 143
340 256
724 481
342 724
262 724
543 724
904 633
141 580
331 141
912 141
346 141
553 346
397 553
364 346
12 213
479 726
569 282
922 809
20 922
73 20
549 73
142 73
396 142
101 582
938 101
550 100
155 486
827 816
862 600
105 862
1 105
154 862
802 827
934 802
321 934
882 26
38 517
276 318
255 175
88 255
233 773
618 233
238 618
51 238
115 238
666 233
626 587
462 184
307 462
936 629
782 673
884 623
369 823
652 369
916 193
997 672
426 997
59 426
752 426
204 59
975 213
411 170
304 682
28 985
871 28
714 7
572 117
222 572
113 222
511 496
522 511
492 522
577 522
287 142
942 287
234 942
632 287
698 632
352 709
482 437
243 482
302 772
649 135
10 20
743 84
456 50
378 55
715 378
257 600
856 905
817 856
202 817
58 202
183 817
668 183
431 183
104 431
345 668
36 345
419 58
850 754
654 850
501 654
401 501
883 671
336 883
540 129
518 540
889 518
197 479
737 540
404 318
338 526
958 338
528 958
270 338
220 270
820 189
703 895
379 703
176 438
859 46
480 353
933 480
124 238
504 427
280 889
435 294
977 936
15 406
648 618
219 517
659 449
422 146
467 422
377 731
429 377
744 429
0 744
68 248
717 768
274 935
547 85
984 547
110 633
735 822
279 735
165 279
350 165
657 350
531 657
713 468
281 902
721 281
732 281
242 457
841 792
854 841
412 620
810 848
44 638
776 410
190 776
172 776
162 190
303 190
349 303
798 172
869 190
833 672
82 833
812 938
979 812
450 812
488 735
317 488
500 432
329 590
586 480
915 586
273 586
312 211
740 715
705 270
72 705
251 72
667 33
355 320
617 355
647 617
519 355
665 690
159 93
265 159
490 629
311 490
846 91
925 311
359 611
69 222
63 69
567 63
839 7
806 692
945 684
151 196
548 151
436 548
896 436
267 548
286 267
680 151
503 325
591 503
19 503
765 19
835 765
484 835
789 484
844 789
775 835
955 765
901 955
640 546
845 640
660 640
458 993
619 925
634 591
4 665
54 4
259 196
681 259
781 681
710 837
360 710
928 710
780 928
746 710
521 746
829 411
461 829
77 461
831 77
932 831
734 521
109 734
674 746
834 844
241 984
847 298
907 12
800 172
937 233
918 168
239 54
268 254
132 54
610 738
275 710
508 275
645 993
879 478
983 809
385 748
774 805
865 278
870 412
49 824
742 501
495 290
971 495
381 971
695 381
980 495
42 610
542 634
669 742
266 542
209 889
366 850
804 279
288 434
597 437
576 851
291 475
909 291
797 142
299 677
344 413
35 422
466 35
361 414
182 444
606 233
616 606
263 616
964 263
433 200
801 711
446 391
725 234
157 935
3 157
474 732
87 846
568 221
17 182
395 17
260 906
957 823
186 14
799 186
510 186
499 510
720 555
45 720
48 629
651 48
451 651
843 451
25 285
362 34
536 894
149 752
863 657
296 890
967 574
697 552
924 953
27 951
459 993
663 782
108 663
794 641
644 555
693 737
756 693
208 756
599 208
530 275
887 367
226 694
284 898
102 340
791 102
763 102
965 563
908 283
22 280
534 181
614 296
704 646
741 622
65 385
71 797
557 71
505 828
253 505
571 557
402 754
21 281
301 821
825 301
868 711
188 22
811 188
885 555
699 728
119 441
79 193
615 161
305 858
96 49
594 579
931 47
513 762
5 513
893 479
757 893
247 313
95 893
365 123
103 771
880 558
153 880
736 599
295 526
452 91
347 904
130 189
6 631
886 193
97 912
403 340
195 196
218 373
502 205
830 643
988 311
947 966
708 319
144 87
424 389
554 482
796 652
415 760
140 431
137 89
636 923
138 317
562 135
943 997
687 499
382 268
300 91
739 300
961 236
11 897
80 880
650 367
308 250
661 346
686 880
341 52
