-98932 (peso da AGM)
730 570
507 570
102 730
76 102
907 570
278 907
872 507
390 872
435 570
956 435
581 956
457 581
405 457
774 405
893 457
108 102
268 108
706 108
415 706
311 706
200 415
944 200
113 200
215 113
714 944
859 714
12 113
35 12
732 35
508 35
902 508
120 902
578 508
711 732
279 711
668 279
185 668
645 12
516 645
731 12
670 944
281 670
402 281
966 670
244 281
203 668
648 281
130 648
445 859
994 445
923 279
164 923
183 402
324 648
984 324
503 203
675 503
176 731
860 176
407 860
748 281
532 748
821 532
952 532
913 130
848 821
299 402
666 299
97 666
634 666
316 666
971 666
143 316
264 143
586 264
73 586
964 73
474 964
319 964
67 474
855 964
27 855
746 319
659 474
195 964
45 746
830 474
285 73
762 964
248 762
723 762
883 723
460 883
462 248
495 462
592 495
511 592
947 143
894 947
658 947
686 746
548 894
292 894
192 292
760 292
597 746
918 597
404 964
25 404
2 404
49 2
221 49
618 221
868 49
9 25
255 404
785 73
425 785
982 785
796 460
783 796
983 618
222 983
844 222
488 425
429 783
905 762
309 9
467 309
676 666
543 676
111 676
587 676
740 760
867 868
527 947
155 527
306 155
141 306
310 141
482 141
787 482
960 482
835 960
641 960
528 835
354 528
770 960
919 528
50 354
820 50
545 482
23 545
423 618
610 528
116 785
256 116
845 256
417 256
968 116
651 968
501 651
212 968
315 212
687 315
904 687
780 687
596 780
276 315
127 276
190 127
53 651
472 651
433 127
571 433
646 571
502 285
616 190
834 616
348 834
866 348
146 783
647 146
886 146
699 886
909 699
911 699
270 909
822 176
693 822
523 474
630 830
129 45
777 129
486 129
948 486
144 948
978 948
58 948
685 58
522 58
538 978
346 538
595 685
247 58
854 685
825 854
424 854
393 825
89 58
295 319
342 909
443 342
366 146
638 366
236 366
135 236
288 135
979 236
726 979
637 979
694 295
194 522
66 194
882 190
110 668
990 699
44 990
498 44
559 472
465 559
939 952
981 939
673 939
529 939
764 981
715 764
969 981
170 715
709 969
606 709
643 606
569 606
801 569
317 801
13 317
823 643
713 823
817 606
980 817
343 817
126 817
535 126
448 801
188 448
384 244
544 384
163 544
660 544
795 980
1 795
274 1
619 274
671 619
744 671
398 744
991 398
138 991
432 138
238 432
204 432
540 204
773 238
688 773
137 744
206 137
153 206
718 153
680 718
635 619
512 746
722 153
483 256
989 483
938 989
361 483
580 722
392 543
906 821
843 906
471 597
946 471
336 946
849 336
741 849
328 849
106 328
900 328
265 328
93 265
547 265
427 547
114 106
228 114
337 114
26 337
388 26
916 337
702 114
745 265
231 336
241 281
14 241
479 241
720 547
418 720
633 418
497 633
438 497
925 438
899 438
958 899
414 418
505 958
931 414
7 497
109 925
725 109
307 414
168 109
892 418
562 892
804 562
101 562
327 562
921 562
729 921
179 921
286 921
0 921
331 0
293 633
372 293
655 414
877 655
574 2
308 931
81 316
347 81
504 81
72 990
805 72
458 805
476 458
591 476
60 476
355 176
252 355
159 355
753 535
930 753
16 2
298 748
536 298
763 298
672 763
83 298
121 763
40 121
554 89
922 554
818 554
858 922
917 922
832 917
409 818
269 858
778 269
513 269
210 269
531 778
537 531
364 513
779 537
628 554
588 628
869 588
881 58
500 881
151 881
461 869
52 905
173 52
870 913
473 870
598 473
301 598
51 301
737 301
115 598
489 598
884 731
240 884
132 240
767 670
558 767
951 558
320 569
167 883
375 200
604 167
196 488
617 196
797 617
396 797
738 396
220 738
664 220
357 220
689 637
874 366
257 25
575 587
459 210
967 984
842 967
759 967
29 842
403 111
568 403
584 858
184 584
566 584
233 566
226 233
885 641
157 946
887 157
769 887
510 769
61 510
771 510
534 887
681 548
54 681
550 681
987 681
218 681
440 218
395 440
662 440
287 218
494 54
920 987
572 920
297 572
85 297
224 920
422 224
542 987
614 542
863 542
207 863
39 207
259 207
149 259
213 372
451 388
941 204
895 941
272 895
677 272
733 355
313 733
624 313
784 196
360 784
181 633
96 181
280 252
277 280
400 558
993 476
768 770
178 768
724 392
926 418
338 534
227 338
609 227
975 609
229 132
333 229
853 229
186 853
42 853
43 42
955 126
118 58
576 537
122 571
321 122
840 122
794 840
622 840
800 622
446 800
177 301
234 177
751 446
961 511
94 961
861 234
78 861
929 78
992 78
275 688
631 221
208 631
792 94
957 992
447 241
490 726
430 490
318 490
644 490
632 644
150 632
611 632
260 490
775 980
607 159
48 54
18 671
605 532
831 605
358 7
620 863
19 620
464 473
266 259
696 783
701 247
679 591
654 14
789 654
524 357
546 306
273 1
380 635
267 380
539 26
3 539
615 310
365 501
515 365
454 365
439 454
749 454
379 333
197 379
970 259
296 679
198 794
594 198
303 594
736 594
359 594
798 198
77 798
943 798
791 12
627 791
250 791
582 798
87 582
612 273
304 612
829 7
193 400
937 164
453 285
837 895
940 488
105 940
452 870
525 452
31 324
603 295
912 603
356 186
383 356
499 356
475 525
623 980
847 623
977 847
876 96
782 876
683 120
353 683
650 847
678 273
667 110
766 260
21 361
997 21
793 542
261 793
41 405
999 41
187 414
351 970
370 348
747 370
323 666
70 113
408 113
47 408
915 47
862 58
850 966
136 850
819 136
518 819
949 136
160 949
878 795
434 495
90 605
910 90
901 90
851 434
824 505
721 824
291 721
935 721
936 796
385 241
104 385
552 104
368 552
477 467
100 477
123 835
225 842
608 596
75 240
95 75
80 95
813 75
284 575
520 930
165 48
180 165
953 180
493 236
708 493
329 494
437 329
412 437
11 412
692 11
140 412
560 437
954 939
182 853
750 425
719 89
684 759
695 684
24 72
996 24
391 310
294 764
334 208
945 630
376 21
463 774
589 463
889 94
927 658
698 927
484 136
33 484
985 484
239 109
716 239
124 612
37 638
387 831
526 387
908 526
139 526
253 139
827 908
406 861
401 298
420 401
119 401
219 119
828 219
330 119
826 828
469 828
20 979
888 20
896 20
563 779
636 563
756 636
189 709
807 189
712 221
506 712
959 712
38 959
739 823
663 274
914 663
158 560
600 158
509 600
421 158
601 600
15 421
134 15
682 596
117 760
809 306
639 115
995 639
976 995
254 848
856 372
419 387
8 419
710 976
514 710
743 710
962 743
674 962
567 514
382 567
480 382
839 382
551 176
350 551
57 567
593 482
386 593
262 52
810 262
642 645
564 642
879 564
541 879
242 862
812 976
362 812
169 362
657 784
758 362
530 129
728 659
653 728
283 660
6 283
145 283
112 425
373 255
216 373
92 777
806 92
28 92
282 28
816 806
790 816
590 790
246 816
625 96
174 945
717 174
133 717
162 174
431 844
251 174
4 112
344 4
345 4
649 427
781 523
864 781
399 781
410 399
65 410
46 76
107 47
394 107
441 566
339 921
249 937
735 226
553 879
32 952
450 32
583 450
59 450
478 837
890 478
690 890
786 690
377 690
147 893
815 181
697 497
565 14
973 565
148 996
549 570
665 508
626 688
555 626
652 555
788 652
426 788
707 555
470 610
367 470
986 641
846 986
428 846
599 428
934 986
411 889
201 241
131 843
897 267
898 264
171 898
455 675
841 224
491 176
243 421
950 418
202 286
258 7
84 258
79 939
103 79
752 79
91 752
211 897
369 790
245 369
799 227
341 417
621 412
811 268
449 811
613 550
154 367
880 154
223 880
230 597
444 667
69 719
36 69
161 360
640 231
533 712
924 533
875 591
217 546
199 824
56 199
314 167
416 178
98 748
492 173
64 583
175 201
865 970
734 201
381 734
573 41
63 573
579 616
10 316
761 0
974 377
352 974
263 352
125 352
378 125
836 435
34 836
237 799
235 858
585 851
205 585
209 59
152 823
481 807
808 411
802 548
972 802
325 748
442 972
456 204
561 456
556 934
988 556
214 224
705 658
932 887
62 932
772 62
271 811
172 608
755 168
22 755
871 625
765 132
933 272
803 933
468 895
517 767
942 837
322 236
371 920
754 973
814 754
99 199
5 792
852 907
466 491
656 447
703 56
857 580
349 241
166 154
928 460
312 171
142 312
669 142
873 669
300 372
891 379
436 575
496 978
68 528
88 233
305 466
30 159
86 238
776 283
700 598
340 683
833 340
326 859
389 443
332 322
965 816
397 405
71 985
963 71
557 437
704 292
232 704
335 704
629 13
290 364
485 290
17 660
742 749
519 171
82 292
55 213
289 89
998 258
521 755
602 849
727 285
487 475
374 469
691 906
577 320
838 273
757 307
74 253
156 564
128 156
302 422
191 176
903 436
661 82
413 283
363 761
