-98902.9 (peso da AGM)
113 434
744 113
596 434
781 596
735 434
874 434
319 735
850 319
285 850
775 285
957 775
378 957
839 285
998 775
140 839
872 957
35 839
266 140
322 266
68 285
61 68
718 61
812 68
295 718
807 295
260 807
814 807
382 814
88 814
591 88
826 382
371 826
745 371
592 371
634 295
488 295
680 634
549 61
810 549
851 810
602 851
331 549
489 634
982 489
824 489
355 982
843 489
324 843
785 324
370 785
969 355
468 969
952 370
335 371
678 335
869 678
860 869
901 860
445 901
524 335
21 851
421 21
556 591
656 370
59 656
5 59
456 5
825 456
76 825
125 5
559 125
909 825
231 909
837 5
847 837
131 847
78 901
644 78
105 644
86 78
16 86
56 16
517 56
688 517
111 56
616 688
358 688
675 16
858 675
691 56
479 691
987 479
906 691
714 517
773 714
232 773
944 232
384 232
628 944
562 384
95 232
379 95
18 95
693 944
45 693
189 45
580 189
716 189
622 716
361 716
217 622
340 217
400 622
390 400
329 340
937 361
578 361
980 622
26 980
676 26
461 26
545 676
772 676
685 461
436 400
206 436
967 206
53 206
658 436
46 658
135 329
348 135
748 135
742 748
589 742
692 135
2 348
885 2
531 692
313 773
288 313
801 313
96 801
103 288
953 103
970 103
374 313
462 313
146 462
564 96
274 564
707 564
233 707
216 707
607 146
754 607
995 754
364 754
280 564
155 801
411 155
959 216
360 742
152 206
902 152
890 103
552 890
290 826
487 290
327 487
852 327
733 487
975 733
683 290
615 890
674 615
187 937
661 674
0 661
633 661
460 0
270 460
182 270
448 460
401 448
128 448
642 448
721 182
547 721
972 448
704 972
955 704
526 955
67 526
253 448
831 253
124 704
711 124
514 633
225 514
703 972
398 703
778 398
803 778
19 803
438 19
572 703
833 572
376 833
891 547
935 891
263 35
597 263
571 263
393 714
876 393
617 393
200 617
871 617
409 876
25 409
928 810
504 617
548 263
830 831
467 830
497 467
563 497
286 497
457 497
161 563
853 161
250 161
159 250
947 159
588 947
350 853
899 350
10 350
209 10
914 209
93 350
717 93
766 350
109 766
194 109
539 194
29 194
367 109
930 209
844 194
292 853
884 292
80 914
573 367
296 573
229 296
560 229
760 573
728 560
605 884
294 605
176 294
160 176
272 588
753 272
49 272
619 49
956 619
75 619
577 75
429 956
832 429
51 429
541 51
177 914
829 49
945 829
922 829
149 728
533 149
391 832
333 391
3 109
958 3
820 958
304 958
336 160
660 956
601 660
503 601
188 336
904 188
330 367
218 3
315 853
499 159
193 367
724 563
849 724
561 844
444 561
305 947
936 904
981 936
130 499
98 130
665 98
79 130
994 665
946 292
320 149
198 320
662 937
170 662
147 170
283 170
706 128
302 969
730 124
705 616
455 705
425 705
52 425
621 425
727 335
986 461
89 869
261 89
762 421
166 232
222 166
783 166
917 783
91 783
240 91
359 240
924 166
752 91
698 783
23 698
519 23
790 519
323 519
332 323
525 332
395 592
275 525
865 275
584 263
877 580
451 877
715 877
441 715
454 441
834 454
477 451
165 26
464 165
474 464
15 464
306 15
186 474
976 186
977 464
437 977
20 15
765 20
108 977
557 108
645 108
677 645
247 677
410 247
993 474
484 993
536 410
168 437
412 168
595 412
758 412
848 758
309 848
764 595
827 764
334 827
868 334
942 334
912 412
256 848
881 976
38 256
567 957
983 477
720 457
354 803
349 253
369 349
106 369
245 349
104 245
896 104
920 896
747 920
694 896
476 920
142 476
258 142
252 258
887 476
550 694
682 694
794 476
69 794
795 476
310 887
522 694
663 522
173 104
239 135
905 858
802 106
971 795
818 971
623 818
279 818
47 279
115 818
822 115
670 47
667 331
150 369
122 150
964 477
553 675
518 489
888 518
570 518
428 570
725 526
90 93
242 90
344 242
821 90
244 821
318 367
565 982
756 370
819 756
281 38
855 812
414 563
989 971
14 602
485 14
119 485
769 56
999 541
54 865
388 54
880 54
343 388
289 343
657 880
845 657
148 845
629 148
450 657
614 450
951 450
101 614
867 614
208 289
520 101
632 520
138 520
510 520
254 520
991 254
362 991
55 425
11 614
729 294
308 884
501 391
494 711
342 494
408 348
417 747
815 417
175 815
681 175
590 681
798 590
44 798
351 815
352 44
948 352
82 948
786 352
259 948
224 815
700 224
911 259
641 911
838 641
508 838
7 911
659 508
475 803
424 304
992 662
449 992
227 429
530 227
943 227
521 943
612 52
478 612
299 478
257 299
396 257
483 478
808 299
316 808
817 82
889 817
287 889
719 287
894 287
39 894
763 619
338 763
481 763
554 481
988 338
654 481
857 654
962 988
516 857
978 338
594 554
701 147
513 105
282 513
235 282
377 235
426 428
643 426
651 425
197 651
234 197
579 234
859 234
72 859
649 72
171 667
12 171
863 171
58 12
43 58
690 259
861 549
162 861
538 162
736 821
777 736
892 777
771 892
48 777
463 736
97 463
809 97
386 97
796 463
732 796
544 796
509 544
312 544
873 312
214 544
114 97
841 114
202 796
192 202
687 538
738 892
71 192
442 764
363 442
893 736
420 904
204 420
117 420
527 829
185 527
866 185
201 866
638 866
528 270
862 75
606 869
757 521
767 757
726 962
203 726
57 785
741 623
761 905
94 662
949 912
341 949
174 464
184 176
506 715
985 801
251 146
100 484
555 161
172 555
40 172
144 825
684 144
372 684
157 96
854 157
566 335
599 428
695 748
639 695
212 639
585 212
750 585
291 585
480 750
238 212
446 238
666 446
472 497
220 104
875 220
41 564
62 41
600 617
805 323
791 654
107 235
440 590
653 440
236 653
99 911
127 703
915 127
529 915
895 529
910 588
458 971
927 421
121 564
626 360
500 384
126 727
397 126
346 397
540 346
492 2
650 492
603 899
840 603
196 840
586 196
195 586
158 125
624 761
637 97
17 653
921 17
276 454
273 760
608 273
314 273
625 608
990 625
755 261
689 880
897 689
495 689
655 227
432 315
167 790
797 93
422 797
751 422
780 280
383 814
759 396
482 759
618 911
404 618
120 404
215 189
635 215
768 482
230 666
788 230
6 790
793 6
380 793
806 793
36 806
303 36
430 998
569 906
941 5
207 315
879 207
532 941
136 879
799 456
925 553
966 969
507 222
34 981
70 34
405 34
940 405
301 405
210 70
178 210
403 178
534 286
932 534
926 932
284 224
277 284
326 745
246 592
672 246
37 246
356 672
627 86
298 627
900 298
32 298
722 857
265 408
163 265
368 160
60 368
816 871
696 816
427 975
593 60
50 593
469 760
452 89
811 452
473 91
13 473
73 473
923 73
546 43
118 811
381 118
938 381
28 881
406 28
963 654
823 834
903 252
9 426
137 362
31 280
933 115
153 485
139 851
84 232
511 118
648 969
712 437
515 712
870 195
366 870
22 870
433 683
713 51
249 713
697 249
792 333
779 520
918 779
828 617
587 171
968 146
151 968
248 656
143 248
459 143
416 124
181 796
611 16
307 383
636 307
878 94
255 233
749 255
134 31
498 134
145 134
439 369
908 420
156 908
219 908
347 944
664 347
83 730
774 924
392 774
110 596
919 370
931 778
640 931
864 437
686 923
668 266
646 214
353 259
180 217
973 180
960 668
804 766
337 414
385 752
112 232
543 112
92 543
183 543
535 183
886 396
169 886
907 827
950 125
490 149
33 915
505 234
141 439
268 900
583 464
297 125
671 764
465 671
102 671
27 200
4 654
679 570
647 679
631 430
402 172
179 402
734 179
190 179
782 597
739 402
321 136
731 321
164 214
883 757
496 754
934 401
954 121
558 752
443 334
576 443
746 258
317 519
325 993
339 449
8 339
652 95
278 565
269 679
65 821
708 981
264 911
237 264
582 264
431 658
939 151
836 939
205 939
466 205
123 793
776 240
453 776
996 372
1 108
132 981
435 527
74 180
375 823
913 175
447 247
394 443
241 825
568 867
262 676
743 157
630 12
723 780
223 569
813 848
604 752
221 124
471 221
491 471
373 491
581 604
271 572
800 468
77 253
512 327
133 512
669 633
702 22
199 879
842 593
699 842
154 198
610 154
575 610
709 250
129 709
85 62
413 604
961 413
24 413
66 86
997 171
486 747
418 152
191 912
965 667
493 965
710 841
311 184
470 311
81 978
984 616
267 984
974 984
929 984
357 857
882 367
551 347
737 80
389 957
63 192
846 966
916 548
537 586
835 844
787 241
740 355
407 38
673 111
399 113
609 704
30 857
116 303
784 309
770 647
226 318
789 822
42 219
613 871
898 175
387 572
620 271
542 726
345 463
243 815
523 427
415 96
598 663
293 233
328 796
228 521
979 475
213 698
365 673
300 544
502 161
64 29
574 947
419 436
423 517
87 423
211 524
856 383
