-98889.2 (peso da AGM)
871 378
153 378
869 871
327 869
194 327
122 194
924 122
554 924
198 554
449 198
934 449
955 194
700 869
129 327
464 129
528 129
261 528
658 528
568 658
519 658
516 519
651 658
733 528
675 464
806 129
704 675
383 704
957 383
50 568
629 50
354 629
860 354
582 50
926 582
920 582
600 920
117 568
437 117
443 528
729 443
990 729
535 729
180 729
396 535
909 396
157 535
402 157
115 402
927 157
660 117
663 934
614 663
579 663
470 955
10 470
459 470
471 459
299 579
695 299
452 695
638 452
672 638
9 672
903 443
964 903
62 964
524 354
325 524
648 325
290 648
580 648
697 580
292 648
828 648
971 828
445 971
308 445
958 445
123 958
565 958
230 565
621 230
238 621
650 230
774 650
735 774
225 735
110 774
376 110
910 376
172 910
686 910
623 172
196 623
838 196
39 196
272 39
199 39
746 272
114 746
189 623
43 189
768 686
211 199
577 211
296 577
46 296
133 238
778 123
847 43
574 847
417 46
915 574
295 915
797 295
284 648
766 284
850 766
255 284
93 850
99 958
351 99
693 351
932 650
68 932
854 68
569 114
162 569
641 162
234 641
760 234
58 760
833 58
608 760
896 608
406 608
799 406
177 799
541 799
190 799
551 177
209 551
867 209
721 209
786 867
206 786
765 206
197 765
856 197
619 760
40 799
262 40
576 262
852 576
286 852
287 852
770 799
65 770
204 770
794 177
403 65
901 403
866 901
138 901
436 794
826 576
27 854
815 27
337 697
585 337
184 40
881 184
433 881
435 433
606 435
506 606
553 606
448 606
907 448
131 907
518 131
106 518
38 518
656 958
809 656
360 656
930 809
622 930
207 622
26 207
375 26
31 622
253 656
849 337
497 375
836 565
758 836
137 272
328 836
186 328
748 186
280 748
154 280
444 154
759 154
134 280
269 134
384 134
469 134
387 748
176 759
717 176
45 717
489 733
144 489
108 489
277 847
749 277
218 39
446 218
705 93
141 705
485 204
756 485
868 756
635 868
321 635
116 321
359 635
819 756
842 819
130 819
742 819
981 742
493 981
816 493
475 493
104 493
808 816
525 808
318 130
24 742
755 24
465 755
897 465
355 475
877 485
637 877
456 637
796 456
201 981
166 201
161 166
415 637
12 355
233 435
510 233
409 510
483 409
905 12
364 905
91 364
373 905
231 905
59 116
80 796
257 80
85 257
212 85
699 85
732 212
787 732
642 85
961 642
488 961
251 488
94 251
581 94
583 787
498 144
61 161
625 61
908 625
83 809
559 83
726 518
790 726
303 726
882 303
427 882
782 882
242 882
453 242
388 790
837 782
864 882
111 864
520 388
813 520
235 520
297 376
276 864
517 809
591 934
681 553
822 106
216 822
57 216
880 57
542 216
994 542
73 542
291 542
595 291
654 994
379 524
598 379
7 379
149 7
556 149
679 556
942 679
349 149
223 556
431 149
219 679
467 219
64 467
624 219
550 376
248 550
933 248
917 248
504 917
343 504
323 550
167 550
363 167
440 363
570 167
785 440
309 194
804 656
892 804
922 892
983 804
481 922
846 983
121 846
769 363
894 769
949 894
911 448
893 234
374 506
47 374
362 47
820 374
779 362
98 779
988 98
718 98
267 893
573 267
661 573
127 661
900 808
521 267
940 521
447 911
71 908
776 881
339 776
322 339
875 308
408 932
82 408
969 516
844 969
404 969
925 969
676 404
999 676
3 999
178 3
86 178
21 86
902 999
44 676
301 902
891 676
462 510
980 796
967 925
995 902
298 995
84 995
975 84
169 995
32 169
564 535
174 564
714 174
670 714
977 564
74 977
72 74
264 74
42 264
662 174
739 662
548 42
533 264
281 84
314 253
107 314
538 314
539 107
254 539
597 539
213 597
342 254
165 177
90 165
52 90
240 52
952 52
103 952
25 952
135 25
715 25
555 31
11 555
527 135
887 527
848 887
496 848
862 848
217 862
458 217
13 862
557 911
567 557
450 567
368 567
81 557
610 13
203 610
143 203
683 143
596 415
289 277
273 289
752 887
873 752
906 873
671 873
929 671
156 257
991 379
771 409
985 771
259 985
175 259
830 175
424 206
613 424
434 958
258 434
996 258
220 267
886 220
17 886
737 983
586 737
48 586
484 886
509 484
317 233
515 40
722 301
823 211
182 796
798 554
113 446
244 42
89 902
537 89
426 537
486 426
805 426
530 89
163 530
125 318
884 125
531 884
601 881
599 894
931 599
879 599
294 440
102 732
23 102
711 23
76 711
919 76
647 880
616 991
331 616
677 13
607 253
529 650
802 529
731 614
734 621
356 537
552 356
33 356
511 356
918 33
394 918
716 33
956 716
590 716
840 716
179 840
968 179
895 968
543 716
249 543
993 590
974 543
526 178
397 526
369 765
60 368
744 60
825 744
36 825
636 825
414 768
430 967
861 907
690 861
195 690
329 195
69 329
428 860
780 804
4 261
311 524
270 73
791 270
228 397
438 968
226 896
951 924
713 226
28 177
936 524
150 580
709 323
962 661
923 590
479 923
215 479
126 830
549 272
487 549
307 114
800 69
19 800
572 961
159 909
655 932
377 655
696 875
876 696
507 876
461 507
781 461
245 331
88 518
814 88
181 949
566 292
353 83
371 933
145 371
66 576
885 66
119 885
6 885
372 66
888 372
645 888
966 645
618 645
202 966
112 202
347 112
304 202
63 304
959 63
256 63
605 959
824 202
336 824
53 336
665 336
432 824
948 432
764 629
418 518
20 911
772 20
843 772
275 772
92 275
855 983
857 92
795 857
544 638
803 772
333 99
338 82
928 172
340 364
454 340
405 340
593 405
575 405
694 340
950 80
420 950
611 950
495 420
946 611
200 946
266 950
710 266
870 266
912 870
777 912
563 777
146 563
872 912
332 777
706 912
288 706
502 872
503 868
972 405
55 972
738 876
970 199
381 970
899 381
315 381
982 489
185 982
344 185
274 185
341 185
0 912
664 0
689 664
898 689
652 689
250 689
271 624
698 112
422 698
306 698
128 698
687 430
740 520
594 740
750 869
691 652
592 691
54 592
810 54
604 290
989 83
210 989
653 573
8 653
75 770
140 75
282 140
96 709
300 96
631 96
412 211
425 464
834 396
147 99
818 190
463 818
302 463
330 463
935 330
480 935
708 463
232 837
246 394
763 302
667 315
352 112
78 686
685 78
34 685
239 935
95 239
987 86
243 790
500 988
366 750
482 470
139 482
29 396
476 306
522 213
67 876
101 67
164 63
193 164
152 339
229 185
612 810
562 612
313 995
639 405
939 639
1 234
237 1
643 1
398 237
401 643
370 896
702 401
720 483
399 328
628 399
617 71
208 343
839 450
773 269
578 773
407 578
421 407
657 421
992 238
478 57
252 338
501 458
260 854
965 440
35 847
632 35
865 260
263 42
142 263
730 431
692 730
173 758
688 59
727 147
712 592
627 837
508 272
382 926
37 344
832 327
423 717
620 342
751 620
973 620
841 286
386 841
914 386
669 718
124 669
904 235
728 616
921 728
644 921
442 921
70 921
385 70
757 317
466 955
391 442
390 391
380 390
136 390
491 264
468 491
241 733
283 1
858 233
953 858
829 970
312 996
439 312
540 608
474 540
188 625
602 418
736 794
741 212
649 895
724 649
393 17
455 393
429 922
883 289
320 424
945 403
400 840
979 39
547 96
878 547
279 547
278 67
492 867
120 679
191 814
944 482
514 303
890 514
534 622
684 272
170 162
754 303
160 945
305 160
473 160
703 160
100 703
831 305
916 831
410 4
937 410
788 847
589 623
109 193
187 689
863 982
558 863
678 863
30 243
659 325
293 671
357 106
419 357
835 971
789 835
413 789
943 413
505 789
889 645
851 4
324 496
56 140
499 576
523 44
874 344
310 951
723 267
87 689
801 929
986 57
588 139
615 185
532 615
775 830
5 435
345 5
560 345
673 879
155 798
77 615
963 974
118 963
494 963
15 277
747 718
41 628
784 41
584 52
350 143
587 404
361 587
634 241
2 703
753 2
411 600
761 362
682 677
316 682
947 492
247 735
158 475
221 588
79 42
460 833
16 739
646 173
51 445
335 380
807 283
18 880
719 364
817 719
998 723
725 582
326 638
105 326
640 833
214 473
265 311
395 83
913 967
472 913
97 423
853 660
171 657
701 229
205 953
633 205
22 835
997 22
859 644
960 829
416 483
609 690
941 609
976 450
561 915
680 88
845 919
792 839
49 332
666 397
222 359
984 87
767 352
938 876
367 81
451 798
603 428
743 818
536 104
224 536
168 523
358 168
546 408
183 890
334 374
762 414
630 652
192 725
285 665
793 691
392 777
227 385
441 809
668 368
490 668
346 738
132 746
827 923
512 842
812 433
148 812
151 13
745 26
14 989
707 855
821 716
319 364
513 408
811 183
674 68
626 701
954 626
268 249
457 985
545 703
783 6
389 310
236 287
978 899
477 727
365 530
348 577
571 694
