-98933.4 (peso da AGM)
238 467
311 238
302 311
565 302
374 302
896 467
807 896
496 896
314 496
781 314
665 781
918 665
615 918
229 918
720 314
53 720
62 720
54 62
342 314
840 615
369 840
508 918
452 508
625 452
515 369
974 53
691 974
951 691
571 691
250 571
326 571
636 571
804 691
533 804
900 533
293 900
990 293
481 990
837 62
434 918
421 434
160 434
51 434
478 951
167 478
447 167
463 167
119 463
490 119
223 447
833 223
905 223
914 905
972 833
38 490
156 167
141 156
749 918
261 749
532 261
363 532
148 532
46 363
392 148
780 392
657 46
135 657
782 135
843 657
52 46
96 52
385 52
723 52
207 723
818 723
538 723
125 818
23 538
35 385
67 35
456 392
853 456
889 723
338 853
273 338
47 273
724 47
715 338
365 715
611 47
626 463
178 626
403 178
688 626
803 178
27 803
959 27
184 959
895 184
377 626
349 178
788 349
991 349
609 788
426 788
857 426
217 426
433 217
172 433
254 433
9 172
165 9
32 9
642 165
245 803
85 642
899 85
491 403
315 403
675 691
566 675
730 566
614 730
488 566
189 32
922 223
397 23
795 675
799 795
376 795
938 799
535 376
18 938
294 18
8 18
457 8
107 457
877 107
290 877
77 457
115 77
486 77
274 486
936 77
873 877
931 77
694 873
228 873
95 873
624 115
504 624
655 504
220 95
667 936
71 220
471 873
592 471
608 592
569 608
206 608
794 206
971 794
151 971
303 471
894 95
497 894
763 497
400 763
431 894
583 894
786 77
597 786
955 597
22 786
800 569
524 800
841 524
451 107
24 451
598 24
446 457
503 206
798 503
405 24
417 405
760 405
806 446
987 786
883 987
831 883
787 831
660 883
874 660
362 874
248 874
171 362
545 171
281 545
740 281
382 740
482 740
449 740
767 449
702 767
247 787
784 660
958 22
776 958
147 776
764 776
138 764
553 138
286 553
863 553
103 863
707 103
26 764
912 26
893 26
20 26
519 912
499 20
522 499
541 873
908 541
986 908
641 908
534 641
101 534
328 958
697 624
547 863
444 697
836 486
947 883
639 947
321 281
129 321
222 503
948 947
214 657
25 214
441 25
287 25
352 287
835 287
316 214
418 316
348 316
465 348
858 465
977 858
678 348
150 977
461 348
14 678
149 14
422 14
868 85
275 14
765 275
81 275
919 81
664 919
284 664
404 275
839 452
351 404
631 351
618 631
279 631
976 279
913 279
193 868
70 471
381 38
973 193
632 547
11 632
820 11
785 986
330 248
218 330
995 218
445 995
757 995
282 445
968 330
239 968
656 968
13 656
966 239
529 966
59 294
117 59
492 117
152 492
251 152
440 251
550 440
216 550
366 550
460 550
33 460
600 33
127 600
747 600
978 440
525 460
674 127
210 600
593 210
42 366
629 251
530 629
442 600
354 442
388 354
459 388
341 216
741 800
31 741
646 959
297 392
557 210
74 557
246 330
957 171
601 533
680 601
828 503
291 828
623 291
946 623
108 291
645 946
771 645
969 771
34 969
118 34
16 771
97 16
509 97
474 509
355 509
523 509
640 523
654 523
886 654
57 523
181 523
926 181
94 57
627 926
512 627
537 512
929 512
270 94
573 529
750 218
164 750
458 164
506 458
364 506
111 458
755 364
733 755
613 733
953 755
679 733
15 679
881 111
970 881
266 364
58 926
227 58
340 58
672 340
159 672
367 449
849 400
876 849
796 876
617 876
175 876
932 617
585 932
711 175
375 175
343 375
670 343
916 343
943 916
644 585
121 644
93 121
870 849
949 644
137 175
539 949
692 539
564 539
203 564
240 203
643 203
313 240
393 313
635 393
994 635
199 994
705 121
815 538
19 815
186 815
572 186
123 986
236 123
824 123
758 824
406 843
717 406
979 717
748 717
684 748
264 824
453 433
91 453
124 91
495 614
517 71
967 495
586 913
507 586
651 254
332 651
174 286
683 874
301 629
713 301
622 301
146 713
285 146
527 34
513 694
981 513
745 876
430 745
923 745
696 923
483 696
339 483
516 923
76 430
110 483
556 923
581 516
552 581
428 552
415 76
668 798
196 696
224 919
590 224
48 590
520 364
187 688
812 644
208 812
215 208
371 215
574 371
473 574
10 574
703 473
924 473
63 10
324 473
257 10
544 257
17 812
346 17
439 433
360 439
887 93
283 887
825 900
904 124
134 174
773 22
353 773
768 773
579 768
989 768
345 989
414 345
56 345
64 56
797 56
237 797
113 989
44 768
885 44
140 44
884 140
185 884
155 237
36 155
234 113
344 741
612 776
648 123
770 648
960 916
464 433
975 257
358 975
940 358
852 975
769 852
476 916
399 943
169 399
427 169
61 788
819 96
501 365
21 926
310 929
336 310
596 336
909 596
845 909
699 845
378 699
479 699
963 479
700 479
411 845
669 336
49 845
850 49
587 850
728 587
493 728
695 493
192 695
289 192
528 289
907 493
136 9
90 136
176 90
752 176
319 176
380 319
170 752
30 90
89 30
394 319
689 478
939 689
120 689
521 939
859 120
701 345
662 701
605 442
423 605
928 818
744 928
470 618
309 755
419 309
604 470
793 428
582 793
732 635
790 732
731 790
554 790
79 554
543 731
671 543
320 167
708 411
766 708
714 766
927 714
437 766
409 708
389 409
190 389
39 53
875 881
55 875
882 26
526 882
888 526
299 882
542 299
673 888
878 673
866 882
619 673
244 526
568 926
727 568
60 389
194 476
416 657
41 416
230 757
712 230
920 712
811 920
502 920
827 619
589 416
942 589
897 457
231 490
775 909
774 691
903 895
372 966
379 372
518 521
407 518
906 407
584 518
607 518
211 667
638 456
318 827
693 318
83 171
716 483
606 716
801 136
480 801
650 119
838 888
663 248
267 663
514 267
809 663
157 286
177 157
677 177
300 177
864 300
628 864
88 938
555 88
915 994
558 915
162 558
489 497
710 107
370 279
494 407
984 542
256 480
910 984
772 430
805 772
935 772
298 772
637 298
610 805
253 434
826 886
813 826
432 826
937 826
305 826
312 305
739 312
333 432
131 333
823 432
243 432
814 813
880 131
0 823
510 0
658 510
390 432
743 390
925 274
226 119
964 226
567 964
435 567
252 567
198 252
487 252
109 198
102 109
846 814
75 796
205 75
580 252
292 586
73 292
871 510
595 871
862 871
561 595
78 379
676 78
144 115
271 108
832 271
594 338
921 594
241 594
500 594
317 241
982 317
66 677
45 66
856 527
265 567
401 660
869 211
259 975
472 147
448 472
808 448
197 348
469 931
233 495
791 469
649 636
395 223
993 936
892 281
225 223
386 225
142 386
754 225
5 386
997 110
188 131
182 427
848 234
268 478
890 268
398 890
802 268
263 717
276 489
783 338
549 783
454 549
751 454
191 751
485 454
685 485
132 765
272 783
719 479
122 418
735 675
762 363
742 321
429 370
168 918
213 170
647 213
161 647
505 507
242 214
933 561
898 452
166 675
112 566
965 640
154 102
551 62
304 551
133 678
999 133
562 999
130 463
666 994
202 712
738 202
844 202
221 844
962 221
570 907
704 25
620 813
603 620
718 483
961 718
361 419
577 137
901 499
578 901
466 15
867 466
941 932
830 326
998 830
7 480
575 97
145 826
588 976
255 52
69 255
72 823
548 422
865 548
408 548
954 150
484 954
327 590
687 646
563 191
84 517
249 84
183 332
2 256
359 874
792 149
209 221
92 209
616 209
6 56
65 6
384 856
455 384
475 554
829 475
842 796
722 842
391 460
325 316
40 390
736 191
356 154
195 250
114 195
686 195
996 195
212 114
985 212
952 931
424 770
834 618
560 834
413 560
235 834
396 560
373 118
1 152
308 1
438 1
307 1
295 439
621 251
436 523
98 467
872 958
50 993
106 341
357 489
729 344
602 461
992 843
634 596
443 905
153 373
450 471
540 467
956 398
322 956
851 932
105 727
980 636
759 672
43 115
709 521
37 235
139 37
200 13
126 939
591 126
82 126
410 798
498 113
822 655
232 959
682 232
698 548
331 969
116 11
934 41
402 934
653 402
779 653
945 44
158 820
706 774
911 457
511 911
29 121
258 813
387 985
3 136
659 611
128 696
179 128
633 647
944 43
277 865
681 96
468 593
983 266
412 776
173 592
930 651
335 62
661 335
334 661
917 447
100 272
737 174
847 594
726 1
477 726
462 303
746 389
278 758
721 278
599 634
337 431
280 379
690 482
855 241
753 666
12 197
816 845
988 870
383 583
950 63
789 13
630 789
854 679
420 552
902 516
860 898
143 548
201 143
817 129
99 817
329 704
80 497
28 80
4 449
68 872
219 68
306 689
810 503
323 896
576 85
559 194
368 476
778 368
180 778
347 169
536 645
891 421
725 406
879 730
531 853
260 541
777 74
262 365
87 997
86 540
204 749
350 370
296 780
163 296
761 809
652 751
821 834
425 5
104 72
861 209
734 615
288 526
756 550
546 954
269 325
