-98907.6 (peso da AGM)
913 601
523 913
748 523
674 913
708 674
384 708
426 384
994 426
808 384
475 674
895 674
935 994
733 935
724 733
245 733
147 245
351 733
902 733
265 351
207 724
588 207
707 724
921 351
610 921
528 245
940 528
544 940
312 940
945 544
186 921
558 186
561 558
78 561
843 78
577 78
114 577
735 577
941 577
869 186
296 869
875 558
226 941
346 226
664 346
396 346
780 396
757 780
478 757
91 478
870 396
69 870
423 941
295 69
277 295
859 277
927 859
399 859
555 843
49 927
427 49
225 427
851 225
233 851
208 851
88 208
160 49
420 160
369 420
866 369
172 369
98 427
314 172
977 314
579 977
915 427
563 296
211 98
942 859
198 942
730 198
760 211
933 420
805 933
993 805
187 933
232 805
311 232
450 232
28 927
59 28
836 59
983 866
339 983
619 339
153 983
584 780
325 584
660 993
687 660
333 325
372 333
868 372
471 160
802 346
811 333
951 811
120 951
926 120
290 811
722 290
570 722
798 570
504 798
288 798
980 288
883 288
596 980
445 504
488 951
871 488
783 798
376 783
324 376
177 883
771 177
952 771
865 952
36 771
950 36
564 950
394 564
180 394
281 564
653 180
11 653
94 11
48 653
645 94
76 36
0 871
246 0
572 0
368 246
714 368
162 246
640 368
269 162
502 0
100 926
318 100
862 318
765 318
817 765
605 817
549 318
263 549
189 549
778 189
181 778
867 778
695 181
742 867
554 695
533 695
116 318
210 116
696 210
949 210
391 210
66 391
273 66
404 100
633 404
90 404
846 90
924 722
908 846
618 908
967 618
178 967
548 178
220 548
65 548
24 65
911 618
510 911
630 510
268 871
594 811
819 594
111 594
412 111
29 111
777 111
315 777
485 111
732 315
583 732
214 583
97 583
279 97
408 279
720 485
276 720
818 720
773 720
990 773
971 97
595 720
470 595
179 470
464 179
195 464
55 464
480 470
373 480
348 373
129 373
497 129
305 497
317 497
761 305
122 348
1 122
526 122
787 225
718 787
613 497
824 526
920 824
218 478
835 218
738 218
383 122
506 383
737 506
361 383
590 383
50 590
103 50
421 50
625 103
466 625
451 590
580 361
238 737
425 742
853 835
477 853
938 477
467 477
476 938
629 476
331 476
901 949
12 730
140 645
909 853
514 909
770 645
400 770
433 400
247 926
650 247
622 650
472 622
143 787
896 143
402 896
31 896
962 31
131 50
199 131
304 368
910 304
21 910
321 11
648 11
221 648
814 221
54 814
668 814
946 814
769 946
18 769
308 668
567 668
310 567
292 310
614 292
673 614
267 292
740 267
912 740
731 198
4 977
939 4
894 4
231 939
146 696
454 146
112 146
219 146
85 78
716 868
981 716
274 981
807 274
261 274
385 261
175 939
41 939
264 41
193 131
541 193
410 541
764 193
530 764
547 541
229 547
795 410
600 795
149 795
253 795
434 253
890 253
877 890
655 877
789 655
882 877
881 655
793 920
725 162
886 725
823 882
661 823
857 187
300 951
631 857
609 631
887 609
568 887
551 887
299 551
74 857
907 74
449 74
784 449
156 299
960 156
643 960
96 449
436 793
839 140
278 218
928 278
686 648
585 686
756 585
440 686
747 440
128 440
494 747
285 494
130 128
704 130
821 423
127 618
332 127
463 127
336 463
923 127
517 332
534 517
306 218
878 306
389 878
545 878
991 545
256 389
289 463
15 923
406 15
535 406
395 535
320 535
252 320
711 252
694 711
576 694
457 576
959 576
262 457
522 991
589 718
972 112
124 972
401 124
108 124
479 336
646 479
956 646
978 956
453 479
481 714
810 131
106 956
855 106
77 594
170 246
872 170
616 950
316 466
424 901
139 424
443 129
665 938
79 481
213 79
378 213
40 346
82 40
873 40
340 873
19 340
145 873
291 145
831 291
458 873
205 19
357 831
119 831
701 119
961 119
109 701
812 109
615 961
37 615
254 812
327 109
184 327
350 184
505 327
35 350
72 184
335 505
307 335
341 335
380 327
858 380
507 35
17 119
670 380
973 208
652 858
86 229
356 179
726 764
709 106
495 709
759 495
379 759
512 265
508 512
500 508
693 186
621 673
30 621
258 30
150 258
283 150
919 283
52 283
634 52
353 283
985 353
345 353
499 283
672 52
329 959
234 499
190 254
157 321
739 157
975 526
62 927
81 62
744 81
374 62
834 256
582 834
986 582
334 986
729 986
438 729
224 438
167 224
431 834
473 224
654 334
429 654
792 654
330 792
141 330
202 330
439 792
206 439
715 431
598 439
294 715
148 294
302 438
286 729
930 798
671 729
101 202
741 101
861 101
904 861
809 741
931 153
513 654
527 513
854 980
917 881
386 513
803 386
721 386
370 721
806 370
182 806
826 853
462 527
662 661
864 662
781 789
250 731
259 250
414 250
428 250
963 414
14 428
706 14
888 706
988 835
884 988
34 267
10 34
165 10
501 10
937 1
970 881
152 288
799 152
243 799
228 243
557 738
92 557
60 92
235 60
107 235
13 107
669 107
675 514
849 675
565 594
64 565
113 64
9 565
255 634
209 255
83 209
196 83
7 83
800 83
338 800
352 800
690 352
71 352
397 209
703 747
692 703
381 692
591 381
68 896
217 839
685 129
550 534
183 741
953 183
260 160
532 36
287 532
553 357
284 553
171 284
537 553
611 228
61 611
26 577
407 858
874 40
365 874
42 874
270 368
521 270
974 521
786 665
713 865
168 923
185 453
678 185
465 374
833 485
249 950
516 784
682 576
552 682
957 527
134 957
768 134
313 768
298 134
677 378
791 677
203 791
222 791
691 554
976 691
257 917
459 257
997 257
70 459
382 530
984 382
914 984
782 382
903 782
728 782
856 839
656 957
638 656
639 638
943 638
538 30
893 917
230 438
767 429
848 443
604 848
511 848
135 511
837 135
403 135
816 782
251 816
774 478
879 887
587 879
657 523
509 879
944 509
905 738
852 944
540 852
751 944
794 846
581 794
33 794
115 765
347 426
282 875
272 951
161 272
87 357
93 87
575 134
118 575
592 395
297 555
520 149
586 520
240 100
519 817
227 70
632 227
753 632
102 753
934 632
569 934
166 433
556 537
524 30
936 524
649 924
929 649
110 929
900 649
364 929
362 406
659 362
212 659
734 479
197 734
151 975
571 793
624 571
363 571
474 363
201 858
271 201
827 541
797 225
418 246
191 908
51 655
666 711
2 189
163 2
712 163
469 163
441 469
518 308
448 675
309 448
126 448
566 309
117 457
749 117
244 270
123 131
482 566
820 482
417 110
746 910
844 746
8 882
174 8
620 792
636 786
916 636
204 620
602 886
136 552
39 136
349 333
44 349
766 44
105 766
663 660
995 19
104 136
22 819
750 544
651 750
982 731
813 287
390 457
446 296
965 848
444 420
344 8
617 258
898 39
121 508
416 121
925 344
236 604
531 558
496 531
838 496
468 838
326 496
301 629
367 302
607 361
483 607
241 483
606 11
987 665
697 122
658 697
641 407
491 641
188 991
679 0
158 934
200 320
623 200
354 607
801 354
775 290
280 238
20 713
785 721
539 785
6 539
275 855
999 936
979 999
628 865
626 628
637 331
825 249
455 825
388 455
719 825
676 186
84 172
239 770
635 924
922 635
542 195
955 220
998 279
832 582
409 131
493 295
698 493
159 518
484 59
413 698
248 857
63 810
597 708
627 494
829 627
323 829
144 744
850 588
23 850
840 657
398 7
393 18
447 481
452 222
461 263
958 994
215 958
237 823
411 237
415 237
932 196
328 428
593 328
899 593
192 26
947 192
536 947
460 536
642 460
486 229
667 618
359 724
578 359
723 359
360 359
138 44
375 750
599 378
954 599
95 852
860 156
847 833
842 903
366 820
154 778
515 397
437 181
745 437
46 696
371 903
804 33
891 804
489 178
337 489
841 337
38 571
684 42
796 684
892 481
647 127
863 407
681 943
752 681
964 752
405 829
717 903
885 154
45 118
822 45
608 627
53 210
430 658
32 430
169 987
573 914
435 439
442 766
969 907
788 494
56 969
736 613
89 736
422 769
293 836
303 541
727 303
58 74
176 584
992 857
612 45
498 20
830 504
75 54
155 362
487 380
743 331
490 878
644 370
763 317
392 401
503 656
989 116
358 989
688 358
560 688
702 358
43 171
758 43
27 264
562 27
699 198
876 699
355 72
73 18
603 644
815 757
880 704
525 908
142 109
133 988
419 70
574 141
845 421
559 965
456 955
918 535
680 760
137 63
546 43
683 922
266 302
216 41
377 747
529 413
710 617
16 317
689 834
5 993
194 359
968 381
828 423
125 979
543 923
776 13
343 726
99 162
889 99
906 789
57 4
322 612
762 23
790 643
492 711
948 492
772 585
705 480
173 834
342 106
164 342
47 593
80 698
67 546
996 361
25 890
779 844
755 917
700 987
897 168
387 508
242 411
319 975
132 903
223 455
754 511
966 723
432 712
3 132
