-98941.9 (peso da AGM)
648 97
317 648
319 317
391 319
770 391
780 770
324 780
533 324
866 324
827 866
92 827
806 827
856 806
88 92
980 92
952 88
320 324
927 92
509 88
277 92
848 277
738 848
489 738
561 509
601 561
666 561
342 666
387 342
199 387
888 199
422 199
480 422
785 888
204 480
735 422
526 342
487 735
939 487
982 487
45 480
132 45
163 45
318 45
600 318
647 45
635 647
502 635
159 318
189 318
687 132
256 687
975 687
981 635
749 975
143 749
330 132
431 163
400 431
370 687
474 370
829 474
486 829
792 486
826 792
636 792
596 636
540 596
597 636
517 792
767 517
750 767
778 750
153 750
452 750
969 452
244 153
973 244
891 778
940 767
54 767
60 452
338 60
929 338
541 929
815 338
536 778
53 536
479 750
284 479
72 284
440 72
87 60
521 87
851 521
957 521
928 957
179 981
378 452
418 928
796 829
423 796
311 423
518 311
272 518
444 518
460 444
995 460
664 995
264 664
523 995
333 995
964 333
550 964
381 550
678 550
39 678
997 159
461 997
157 997
679 157
520 502
562 520
830 461
813 830
259 520
331 536
223 331
196 223
273 196
729 792
41 729
955 41
671 41
677 671
214 671
285 214
158 671
907 158
909 285
71 907
570 71
595 909
279 595
184 595
382 595
698 382
811 382
801 595
20 698
868 20
816 868
473 816
242 20
316 279
682 671
855 729
947 855
590 947
565 590
115 590
733 565
998 947
566 115
458 565
144 458
254 458
278 254
886 947
532 855
205 532
335 205
916 144
140 566
946 115
701 946
765 458
309 765
220 309
844 765
401 532
837 335
854 837
794 837
447 854
892 837
111 794
287 111
361 532
585 794
407 585
772 407
887 585
260 887
125 260
288 316
842 729
113 842
717 113
822 842
674 822
568 916
102 647
29 102
895 29
75 666
465 214
681 465
510 681
968 681
167 968
209 968
755 209
364 510
22 364
472 22
17 851
427 444
168 427
57 168
711 168
841 711
688 841
582 841
616 582
680 616
82 711
875 82
1 616
941 1
577 427
714 1
809 714
397 331
411 57
831 711
296 382
739 296
380 831
491 380
633 380
109 633
462 633
227 681
658 227
845 658
416 845
228 968
283 939
634 749
303 634
581 144
530 510
496 601
195 496
676 195
299 676
294 299
963 294
836 963
8 836
80 8
508 80
571 496
456 571
3 571
763 508
25 3
719 571
396 8
534 396
528 396
436 528
453 436
873 496
345 873
723 345
747 272
337 747
280 837
730 678
539 60
84 331
383 84
752 84
894 752
246 894
374 246
251 374
216 251
369 251
905 374
834 905
455 834
950 905
464 950
622 455
653 894
174 422
339 174
703 339
668 703
98 668
741 228
47 653
525 741
906 518
83 906
133 906
181 133
961 181
694 961
781 133
485 906
954 536
493 954
860 493
979 474
481 577
482 189
579 482
942 579
710 942
471 159
78 471
394 342
419 407
623 455
139 158
321 961
329 337
665 763
267 730
328 635
302 665
226 216
879 717
613 595
119 613
239 119
620 613
377 620
522 456
281 887
56 281
609 56
725 523
393 725
722 393
186 722
849 725
984 849
637 186
618 637
10 848
44 10
327 44
340 327
999 327
589 999
165 589
51 165
229 165
169 229
786 169
529 44
238 51
52 238
276 238
655 276
262 786
863 276
766 655
744 766
576 571
291 576
501 576
992 291
742 153
210 383
104 210
615 104
412 585
182 571
790 822
236 790
367 905
90 226
263 634
800 842
180 75
611 180
121 836
548 891
74 717
769 74
0 769
282 0
432 539
162 432
686 162
326 432
914 326
932 411
904 932
782 904
19 904
142 782
912 142
753 912
231 753
151 753
683 912
716 912
190 716
46 765
352 46
640 352
943 640
791 352
495 640
463 495
15 943
919 943
408 943
726 408
629 726
930 629
709 930
18 709
643 930
232 643
290 709
606 290
902 290
641 902
993 902
341 993
704 18
656 704
972 656
605 972
103 704
476 972
5 972
881 972
743 881
977 743
922 881
638 5
193 474
962 193
587 476
684 587
805 684
871 684
810 427
760 810
130 760
853 364
693 853
441 581
692 441
628 441
353 628
286 628
24 529
727 24
23 727
392 23
6 286
233 6
956 678
920 956
385 920
314 385
898 314
466 898
713 329
672 713
630 713
712 672
63 712
551 712
402 551
840 712
154 655
762 785
145 242
882 145
758 623
661 758
935 758
594 661
573 935
406 758
673 406
192 703
208 192
129 192
958 57
652 766
737 652
852 548
497 416
124 497
994 124
910 278
198 228
372 198
362 198
776 362
306 372
624 337
292 674
884 292
959 884
415 233
428 692
138 962
631 138
889 739
519 656
270 810
783 270
779 783
802 270
67 501
603 290
599 603
913 599
350 263
484 350
865 716
265 865
43 865
612 43
896 265
33 896
808 33
64 436
567 64
459 567
675 459
754 567
127 675
475 284
268 111
527 268
490 335
803 490
40 490
619 803
21 210
50 573
839 142
105 60
511 105
843 54
933 843
248 933
313 248
108 766
897 108
798 897
931 798
639 897
985 639
224 985
583 224
13 985
917 13
178 583
545 868
110 502
275 110
137 772
689 766
388 783
149 388
915 149
846 694
945 846
305 945
76 305
191 945
16 191
788 191
878 788
784 76
410 784
172 419
850 172
924 684
580 884
257 580
861 257
667 861
451 667
970 451
498 580
718 52
627 169
26 627
155 854
531 155
66 961
537 628
106 169
774 106
870 774
417 774
807 774
654 710
89 654
697 89
556 327
322 556
450 322
438 115
69 438
218 438
258 218
696 258
996 696
514 696
28 514
425 28
814 425
221 28
94 531
384 28
670 613
547 361
403 975
552 403
371 552
983 552
833 983
399 833
77 399
160 742
835 975
926 836
433 501
131 433
890 407
494 890
250 494
187 131
38 458
876 38
488 876
49 488
301 49
48 49
443 48
700 876
252 49
215 252
203 700
764 411
938 125
990 338
978 990
477 561
649 477
965 853
987 74
937 778
563 937
812 865
499 521
504 381
308 406
691 308
598 238
775 598
557 10
872 557
516 402
967 808
206 181
642 596
175 570
166 175
657 305
36 324
99 36
247 624
592 834
795 998
128 795
934 795
194 562
332 194
925 194
414 954
323 999
773 779
421 928
217 692
777 217
824 217
68 777
869 941
449 869
14 449
448 869
445 684
560 445
578 560
55 571
62 55
240 216
134 240
237 134
535 237
312 535
266 712
538 179
989 448
170 48
740 481
645 740
116 438
874 807
315 639
185 914
310 185
297 310
771 297
177 310
390 310
96 297
746 96
235 619
662 235
708 822
572 228
797 572
574 158
429 851
171 337
883 171
584 972
243 584
222 243
93 222
885 968
799 885
446 799
289 799
152 289
745 152
118 745
37 745
695 118
136 695
500 248
921 400
197 816
122 534
918 992
253 8
468 598
7 940
81 7
546 7
249 81
663 81
513 730
35 502
512 926
877 512
728 584
398 494
307 398
117 8
176 236
483 176
690 483
650 483
123 650
188 483
949 483
359 19
363 242
269 483
761 947
469 761
4 429
424 168
59 209
300 811
156 628
73 563
211 73
923 209
974 547
492 969
34 447
12 34
602 34
524 565
293 228
348 293
544 87
549 1
751 755
768 942
334 548
715 193
660 289
42 931
720 524
847 720
707 374
625 77
379 203
404 379
705 404
575 404
357 489
817 317
146 357
821 781
991 821
365 81
564 365
405 330
911 342
101 427
588 654
32 851
358 32
70 618
426 70
936 500
343 718
470 146
161 625
559 883
91 852
207 91
346 697
971 90
793 600
610 407
632 563
413 606
201 520
626 562
147 637
435 147
819 435
838 435
349 450
617 349
960 349
112 960
651 112
736 651
828 617
2 828
699 0
823 699
659 823
820 659
439 823
164 222
304 94
183 49
355 778
944 355
255 538
646 633
386 646
593 700
951 357
27 299
789 76
621 302
395 621
543 123
976 421
757 976
586 428
420 586
375 682
732 586
79 441
505 74
966 688
245 418
553 144
389 405
11 561
376 772
685 333
213 792
225 946
669 417
135 665
953 705
100 169
148 100
591 148
862 399
506 862
271 332
31 271
859 31
731 859
409 731
219 52
442 50
430 792
86 184
120 300
986 67
230 986
542 38
554 542
804 542
558 365
126 512
351 735
867 585
107 867
899 966
948 899
608 452
858 547
234 338
880 234
354 643
832 354
900 617
478 900
515 259
298 892
261 840
503 243
706 553
30 679
734 762
360 182
65 343
908 310
347 908
607 24
988 937
759 459
434 759
61 215
200 964
555 577
893 555
787 411
454 181
9 761
295 637
748 295
569 749
818 401
756 818
114 537
141 145
507 418
95 986
336 527
467 233
212 56
173 711
457 723
857 547
344 272
437 113
702 849
903 974
724 250
202 379
241 129
356 241
373 516
85 164
58 157
825 620
366 585
864 170
614 932
644 185
721 884
368 456
150 30
325 450
901 296
274 294
604 937
