-98904 (peso da AGM)
268 902
337 268
830 337
466 830
192 830
655 337
327 655
924 192
173 924
946 337
910 946
950 830
433 910
805 433
62 805
893 62
532 893
602 893
281 62
872 281
810 872
619 893
705 619
148 602
341 337
518 893
882 518
770 882
285 770
964 285
807 964
937 807
799 964
503 807
174 503
276 174
720 503
723 720
25 720
222 25
467 503
157 467
302 157
852 467
380 222
102 380
544 102
667 102
184 799
270 807
421 937
5 667
86 5
690 421
406 690
712 406
457 770
438 457
32 380
495 807
741 495
577 270
333 937
446 882
258 446
324 258
600 324
838 324
997 600
835 997
692 997
340 997
531 340
808 531
516 340
588 997
217 799
260 217
460 260
378 460
73 260
818 73
219 73
956 219
800 73
708 800
74 708
976 708
487 73
756 800
694 756
812 694
512 812
420 756
218 217
816 956
474 217
23 474
480 23
10 480
527 23
743 527
560 480
434 10
471 667
566 471
908 566
267 908
0 908
187 267
429 743
771 429
76 771
880 771
237 771
26 73
138 26
548 26
645 548
444 645
652 444
640 652
404 640
475 640
69 444
724 645
614 724
242 444
622 242
278 622
555 622
776 555
918 242
3 242
777 3
722 555
469 722
849 69
617 640
513 617
27 808
900 0
731 27
638 882
832 638
906 832
163 832
323 906
121 323
105 323
240 906
253 692
633 253
427 253
797 427
115 427
41 115
696 41
6 696
647 41
734 647
781 734
336 696
52 336
960 253
909 960
486 909
331 909
269 331
551 269
411 909
188 269
296 797
630 296
144 630
321 144
739 321
843 321
754 843
775 843
451 843
476 451
591 451
736 591
140 843
628 739
699 140
866 121
987 866
539 866
806 866
891 987
874 891
996 891
366 996
401 806
243 401
644 401
942 866
610 401
301 610
662 476
395 451
635 427
287 301
931 287
558 931
534 705
915 340
80 915
298 915
368 298
954 368
361 954
289 361
831 289
91 816
40 91
259 91
24 259
290 259
564 290
580 290
896 580
88 896
402 88
817 402
137 817
844 88
679 219
649 679
164 290
719 164
172 588
97 172
99 97
203 99
839 203
497 839
359 497
44 497
409 44
758 497
624 409
702 839
235 702
912 235
905 912
772 905
339 624
851 164
211 644
45 838
143 45
735 143
297 735
412 297
980 143
589 980
288 589
206 589
494 206
87 589
107 589
37 589
594 288
740 494
515 143
101 515
751 101
568 589
424 143
840 424
973 424
938 973
992 938
858 751
266 515
587 107
795 587
766 795
159 594
496 980
507 766
303 507
897 303
537 897
142 537
39 142
223 39
470 39
815 39
58 537
7 58
833 58
631 587
993 631
360 631
678 74
940 751
36 940
213 36
545 36
150 940
583 37
426 583
437 426
575 437
47 426
166 575
356 575
357 426
196 47
485 196
901 485
666 901
418 901
59 418
110 59
654 59
725 485
208 356
820 208
764 901
155 764
878 155
53 196
755 53
809 755
974 755
664 809
533 664
22 974
889 22
689 889
422 689
425 664
295 47
391 295
305 391
625 295
759 295
726 759
84 726
570 726
780 84
626 625
576 422
146 425
676 357
706 676
311 706
355 208
42 355
390 42
848 355
89 355
953 848
881 953
447 206
845 878
56 460
459 10
233 25
254 233
38 233
407 254
119 254
100 407
793 278
389 38
538 389
727 538
873 389
490 843
943 457
899 943
582 424
342 582
440 582
299 440
884 299
221 299
637 755
642 533
703 642
656 740
54 656
319 723
181 319
161 181
453 181
713 817
160 713
162 444
709 453
681 709
449 709
379 426
238 709
120 724
868 839
870 89
182 870
63 182
540 233
972 311
927 775
19 927
228 223
246 228
405 246
30 405
413 30
291 30
567 291
665 291
970 30
653 970
752 653
286 653
432 752
502 731
123 340
856 502
250 690
988 567
615 988
747 988
245 833
606 245
60 245
714 606
557 558
876 557
35 702
586 35
536 368
672 536
31 536
185 672
572 185
517 185
798 517
450 517
230 450
966 10
458 966
511 966
585 511
369 511
463 511
620 463
300 966
106 585
325 106
919 106
971 919
271 919
92 919
154 919
550 106
542 550
177 542
263 92
701 447
639 25
547 639
952 547
955 952
209 955
275 639
195 275
958 275
657 958
768 195
489 275
292 195
748 768
431 748
244 431
81 431
650 81
501 650
306 81
596 306
199 596
46 596
20 46
94 209
553 81
262 866
373 262
556 373
983 547
744 983
936 744
787 936
837 787
318 837
443 30
170 534
890 170
895 890
280 0
907 280
423 280
398 280
109 566
12 331
8 12
465 12
396 465
716 396
348 465
179 348
21 992
711 21
883 946
991 302
207 991
569 678
225 980
685 225
29 685
769 225
509 685
367 685
789 367
828 569
11 3
917 789
224 470
241 224
505 241
113 505
871 241
34 253
819 34
989 819
484 224
522 484
210 522
579 210
986 76
415 3
66 415
481 667
169 481
103 481
957 781
397 830
388 397
328 388
387 328
158 387
944 387
728 944
419 387
506 296
28 506
911 884
541 911
990 541
77 990
247 541
18 247
529 18
249 529
317 421
595 421
436 840
841 436
853 841
118 853
603 118
978 603
887 603
514 887
651 514
998 651
175 853
133 233
745 254
951 745
410 951
111 410
282 537
623 282
256 623
671 623
792 671
151 256
129 56
903 129
190 560
189 731
675 567
821 444
193 487
865 193
930 193
813 193
814 832
782 142
526 782
962 782
804 418
811 319
352 56
979 352
611 979
718 352
802 718
273 718
215 305
732 529
79 379
257 79
455 702
757 29
965 757
608 965
738 608
597 738
139 597
284 139
561 139
982 561
697 113
50 716
984 296
428 953
885 428
510 369
530 891
552 518
559 120
381 559
309 965
347 309
131 919
546 131
78 289
153 78
255 631
730 155
462 730
349 730
68 243
338 546
125 338
894 331
83 903
753 965
686 753
320 753
746 645
265 746
609 265
456 744
578 456
365 578
618 578
394 578
565 891
562 565
688 562
682 323
304 682
43 682
621 304
279 621
774 587
963 972
441 963
854 797
521 854
947 973
114 947
314 114
888 425
167 888
934 167
201 934
95 769
914 389
592 914
277 914
251 277
961 390
248 534
977 248
61 977
232 248
252 807
663 977
205 663
803 205
70 803
75 205
767 252
627 767
778 627
315 952
827 315
981 251
234 441
886 895
563 886
584 563
822 563
1 822
372 822
220 1
126 718
698 628
850 698
523 341
492 782
386 492
345 386
715 492
898 715
362 898
472 362
364 269
742 273
343 759
96 738
231 58
408 231
995 231
98 995
468 333
13 140
632 431
499 144
707 499
9 505
216 232
293 228
308 293
825 306
55 782
214 55
658 789
994 658
680 30
785 680
661 994
643 432
824 805
859 824
925 372
721 531
500 988
399 500
430 500
385 430
383 443
791 32
132 952
861 777
860 238
867 60
773 867
571 345
904 773
704 902
135 767
454 269
846 454
346 523
464 362
482 464
634 81
483 153
967 595
134 277
929 134
186 929
152 186
693 152
128 152
168 383
178 587
116 245
439 472
969 439
71 439
683 969
750 253
829 366
788 829
334 732
525 978
204 525
57 914
377 820
749 377
130 749
599 749
183 309
212 52
15 212
108 645
920 108
826 622
149 108
674 149
794 791
371 661
156 371
823 148
226 501
524 441
573 835
590 217
916 38
112 916
605 222
935 605
834 935
312 953
926 618
695 926
677 695
528 695
307 528
921 695
684 921
329 931
64 156
646 285
687 831
416 687
601 416
322 955
176 409
344 665
796 344
200 796
648 661
14 648
191 837
264 191
700 676
554 577
842 618
857 805
202 793
452 569
616 502
117 10
836 117
353 228
892 428
351 422
549 387
949 814
198 949
16 161
668 16
636 293
875 287
294 697
520 294
691 844
574 691
370 989
376 522
948 411
400 948
659 771
877 412
442 597
147 955
933 826
145 889
493 656
414 252
67 884
763 692
613 743
923 766
93 923
330 93
33 330
598 33
612 598
358 915
180 547
733 923
928 733
761 680
604 546
864 695
392 539
488 971
922 908
127 853
941 127
382 854
913 382
122 913
975 425
48 919
959 158
165 943
783 315
862 627
999 319
985 698
65 788
508 665
461 858
236 511
141 187
403 819
136 127
607 537
710 463
261 33
760 261
673 580
968 41
393 557
354 393
641 354
765 393
51 641
629 159
229 612
82 529
737 218
478 44
72 922
374 349
417 794
932 952
445 991
272 146
326 328
879 620
717 110
786 783
581 786
85 678
498 215
316 498
729 528
197 729
239 168
477 457
670 164
384 895
2 827
784 381
171 784
435 730
90 322
669 880
49 584
332 809
194 332
274 384
491 414
519 236
939 111
375 46
227 755
762 898
350 89
504 481
801 260
660 382
283 370
847 904
593 249
4 745
473 936
363 697
124 440
448 825
313 437
535 826
17 277
104 785
310 983
863 932
335 683
543 335
790 543
779 712
945 516
479 916
869 714
855 611
