-98935 (peso da AGM)
541 317
559 317
709 559
931 541
15 931
780 15
415 15
778 415
585 778
515 778
581 515
695 778
443 695
14 778
734 14
406 734
177 734
966 14
694 177
669 694
151 669
749 515
454 585
836 406
233 443
452 233
40 452
450 40
641 233
506 641
392 506
153 450
546 153
84 546
333 84
994 84
588 506
123 588
182 123
770 182
733 182
358 84
834 358
166 358
252 358
171 166
178 166
863 178
507 166
537 178
100 537
45 537
369 45
432 369
205 432
948 205
393 205
198 393
657 198
350 182
156 350
124 156
228 124
70 228
497 228
131 497
628 131
809 628
880 369
510 733
511 510
661 511
844 511
113 45
434 113
936 178
0 936
532 182
144 532
678 733
899 678
617 678
995 678
125 617
391 678
324 391
10 324
555 10
996 10
969 555
727 996
309 996
481 324
418 391
29 481
77 10
516 418
409 125
892 409
88 409
363 516
261 88
823 261
619 823
343 996
496 343
854 496
161 854
616 161
417 84
605 733
61 166
203 61
16 585
262 16
495 450
259 495
248 259
165 259
915 406
477 324
355 477
92 355
853 931
441 262
300 441
122 124
362 61
719 88
354 719
730 417
79 730
755 79
808 755
330 755
766 969
703 766
611 510
442 611
336 442
885 29
489 885
217 489
793 489
956 217
80 217
37 80
609 37
554 37
859 37
682 859
135 682
979 135
594 979
357 37
190 357
375 190
722 859
312 722
424 619
788 424
368 424
815 703
576 815
603 815
878 576
194 815
612 194
147 878
953 603
285 953
8 953
504 878
509 504
937 504
39 509
644 39
189 644
574 937
293 574
421 644
827 815
688 509
133 576
647 133
6 133
679 576
397 679
472 397
608 937
713 608
361 608
783 361
718 783
575 718
493 361
786 718
934 786
104 934
130 104
743 934
757 786
404 743
461 404
246 461
779 757
578 246
867 578
376 867
66 867
686 66
769 66
12 686
517 66
568 686
455 686
850 568
211 66
775 211
22 850
458 568
951 686
187 951
524 187
831 187
170 130
622 170
988 622
587 187
386 587
849 386
782 849
102 849
522 587
281 522
633 782
542 386
236 542
600 542
193 22
364 193
215 458
341 215
294 193
662 341
590 361
469 590
651 590
230 849
584 130
445 524
67 445
589 769
256 718
396 256
642 396
114 642
929 642
249 114
726 249
624 713
677 624
583 677
935 677
526 583
765 937
325 935
436 325
463 436
334 436
129 334
821 129
680 463
881 821
427 129
167 881
909 167
672 881
188 587
798 325
955 798
59 798
11 798
629 11
99 798
947 99
874 947
675 874
349 947
604 675
379 675
200 349
213 200
345 213
868 213
799 99
269 345
460 269
543 269
241 543
332 241
107 332
615 11
126 615
306 675
595 306
384 595
830 107
613 830
117 613
795 613
906 830
342 906
491 613
97 491
108 99
883 256
606 883
704 59
784 704
237 784
910 349
280 910
927 280
562 910
840 562
540 562
115 540
448 115
20 540
999 20
323 999
339 323
374 999
940 409
655 940
525 655
150 525
665 374
64 665
545 665
539 545
157 539
270 545
207 655
917 374
922 917
73 922
471 73
72 917
232 73
670 232
132 232
847 132
23 471
521 23
279 521
360 521
326 360
89 521
573 89
760 573
53 573
673 53
941 23
218 941
627 941
560 941
731 360
705 731
767 731
843 767
275 767
244 767
292 560
811 731
372 811
389 372
708 545
536 708
978 608
891 246
221 560
968 786
459 84
385 421
329 341
478 329
652 478
54 652
468 329
558 468
797 558
684 558
607 558
837 607
933 607
484 607
520 478
822 797
311 822
284 822
437 284
529 652
382 684
926 837
659 926
898 529
886 898
52 898
2 284
411 2
736 520
223 736
666 736
28 736
715 28
451 736
475 715
825 475
986 641
712 509
394 144
530 394
556 530
145 556
242 145
263 242
234 556
81 234
745 81
625 81
502 242
566 502
711 665
57 246
717 822
838 517
582 511
139 734
879 256
637 261
942 830
871 942
46 883
456 590
735 629
519 735
5 519
896 230
621 896
856 621
289 956
381 130
35 381
55 381
331 55
298 354
174 55
51 584
310 51
206 605
544 206
851 203
160 851
338 206
313 338
724 338
487 724
56 724
985 487
505 585
908 139
804 203
990 804
586 804
873 927
920 873
579 873
826 579
419 826
964 579
872 990
470 873
453 241
828 520
400 828
378 453
271 311
905 345
30 863
253 236
598 253
771 598
377 598
483 377
824 483
725 253
82 947
3 409
440 3
894 440
902 440
467 440
714 467
741 467
728 714
919 714
577 714
142 577
888 577
47 902
365 741
68 714
9 108
17 892
273 703
179 767
239 211
322 450
977 322
557 322
753 878
408 753
373 753
164 408
938 164
295 938
439 295
971 295
476 439
746 295
748 746
192 894
884 495
882 581
433 882
989 433
789 29
58 789
548 789
103 548
44 990
224 899
550 224
693 434
410 678
480 177
538 480
841 538
653 538
965 653
141 841
492 686
610 669
116 610
805 610
691 799
36 691
640 36
601 215
819 601
173 601
829 819
759 100
528 759
235 759
561 235
196 235
155 235
320 155
570 320
356 141
921 221
169 392
208 169
839 169
697 208
762 644
60 762
390 342
219 390
27 714
531 27
449 531
551 449
283 551
71 27
222 71
683 71
794 536
149 794
426 149
626 190
796 788
820 113
106 673
296 106
474 59
950 704
716 950
916 679
344 916
845 344
961 68
818 989
257 818
876 257
658 876
466 658
69 818
591 69
85 658
787 818
599 628
549 745
137 549
518 156
959 518
943 959
120 959
319 120
405 120
835 405
930 835
359 405
254 835
282 254
212 442
832 212
656 532
486 656
744 486
353 166
535 17
148 535
676 471
490 676
499 490
864 490
238 864
87 238
857 46
186 797
852 186
265 762
696 10
875 743
924 875
498 541
423 891
751 423
26 751
685 423
457 358
209 126
660 209
553 52
231 853
414 231
833 114
301 833
781 827
328 781
732 781
903 781
763 903
946 328
993 363
229 993
901 953
176 901
547 176
152 363
268 332
643 61
138 345
737 273
181 467
413 458
19 413
302 375
960 302
668 960
958 960
50 958
932 960
274 924
201 274
25 201
346 25
180 376
774 87
425 849
446 471
351 446
367 446
94 960
893 181
366 893
667 366
807 582
954 470
664 954
143 954
86 143
1 796
983 1
352 905
276 352
245 276
674 621
877 946
777 164
949 927
163 835
185 541
747 831
750 747
370 809
991 370
602 991
967 991
380 967
264 991
913 145
403 969
800 61
801 497
848 326
429 608
183 242
431 213
462 431
620 431
422 64
895 948
596 509
813 596
632 813
119 10
998 743
623 998
569 821
957 569
288 113
101 87
592 640
307 901
75 711
939 867
638 6
761 460
663 696
95 561
565 239
290 565
527 520
897 527
650 206
49 608
109 834
514 926
952 897
630 952
997 952
974 997
907 876
62 688
571 330
140 244
552 257
267 552
580 15
154 87
258 154
83 154
168 258
981 154
304 751
635 17
567 585
984 567
31 207
175 393
710 780
387 189
111 387
963 111
790 114
383 217
199 192
398 199
420 750
162 139
707 670
944 29
900 944
251 939
773 844
473 954
911 878
914 474
987 386
687 987
976 338
855 976
337 976
34 914
618 34
858 618
814 858
395 814
314 34
768 200
63 522
723 63
159 723
134 63
76 134
74 680
428 408
42 428
315 640
817 166
738 85
945 200
243 945
210 716
216 522
791 216
634 791
772 634
702 634
764 434
593 763
388 268
402 388
105 546
816 777
812 284
444 909
7 709
523 46
649 595
776 386
698 167
494 698
399 963
740 698
347 740
158 347
435 740
752 435
136 752
430 136
255 430
48 255
890 359
447 888
975 863
305 670
33 115
335 33
438 54
754 233
639 40
862 694
225 490
488 901
681 673
195 681
861 195
220 967
925 782
972 579
503 734
729 51
564 411
636 908
513 751
266 741
260 334
699 260
479 672
842 805
756 620
121 199
340 284
172 633
78 842
500 333
645 385
299 841
482 459
226 392
464 226
806 77
810 967
614 805
43 663
572 43
792 43
671 418
4 572
973 704
962 973
65 177
13 792
277 77
297 277
654 169
278 953
690 278
912 690
287 13
371 705
110 916
802 110
992 226
508 992
631 129
846 245
739 846
316 433
889 519
803 677
197 803
860 803
970 860
928 978
98 451
286 154
692 809
18 149
247 756
597 19
348 876
112 750
512 516
720 449
204 522
32 325
501 316
706 501
303 886
980 303
90 980
534 90
38 699
272 361
240 220
91 5
184 588
785 666
401 921
24 947
250 818
923 761
321 482
465 105
227 601
563 352
485 486
918 76
327 22
118 124
202 687
869 781
412 815
318 32
701 619
904 611
887 740
127 382
41 228
648 41
214 648
191 654
742 740
721 746
416 485
758 30
291 333
865 154
21 190
700 90
646 593
96 20
689 248
866 428
146 160
308 615
982 294
533 479
870 554
407 77
128 572
93 931
