-98971.6 (peso da AGM)
194 492
308 492
674 194
296 674
655 194
589 492
811 194
578 811
386 578
543 578
634 543
292 634
434 543
248 634
208 248
11 208
365 434
947 578
738 947
408 543
234 365
701 292
113 365
816 811
5 816
45 5
236 45
17 45
210 17
537 210
663 537
186 537
495 186
585 495
695 585
435 585
875 695
193 663
122 186
228 435
973 585
892 973
466 892
295 466
304 295
805 304
237 304
952 237
423 805
531 423
554 304
341 554
586 341
786 228
823 786
897 823
755 823
132 823
48 663
123 48
668 295
395 668
238 395
749 238
752 749
44 749
855 749
39 44
739 855
489 739
454 238
383 855
319 383
135 319
560 135
115 560
770 560
599 115
396 115
456 135
477 39
65 477
61 383
673 739
523 65
504 523
286 44
945 673
769 945
181 749
139 181
103 139
340 103
303 103
838 752
98 395
529 892
497 769
265 560
298 537
796 298
330 796
536 330
47 536
679 298
629 298
993 536
797 993
984 797
397 984
972 993
21 972
190 21
884 190
54 190
753 797
499 47
437 993
343 437
657 537
672 657
501 672
970 753
128 952
107 47
206 796
795 65
719 795
100 719
818 719
475 970
707 818
839 181
891 132
614 891
49 614
941 49
420 941
332 614
935 695
506 935
582 935
503 582
106 503
441 582
921 441
36 921
251 36
216 36
127 216
918 127
218 918
183 918
4 218
187 216
178 127
687 178
569 218
488 183
813 441
544 569
306 488
209 306
280 488
84 280
573 4
640 573
430 573
247 430
112 247
307 247
600 307
95 307
50 247
564 307
148 50
969 307
424 564
471 148
170 430
524 95
684 524
724 170
242 724
388 307
607 148
202 607
703 202
97 471
714 242
965 714
413 714
27 714
692 242
583 692
81 640
661 413
299 4
412 299
532 299
57 299
96 57
720 57
530 720
849 530
605 96
987 605
547 921
635 547
223 547
740 547
828 740
976 828
311 828
768 57
288 768
274 106
38 274
835 430
314 332
276 314
580 314
826 580
653 580
946 190
974 946
863 946
963 946
173 963
55 173
134 173
258 134
399 258
557 134
333 582
263 333
957 304
376 957
126 441
951 173
254 951
548 254
815 548
631 254
623 631
212 623
484 548
502 484
925 502
716 815
908 716
400 716
262 501
625 815
658 625
116 658
349 116
967 116
666 349
801 967
431 801
282 349
325 282
142 116
705 703
373 39
89 974
647 139
37 647
239 647
852 239
284 647
785 239
361 128
449 361
926 449
819 449
734 449
221 734
512 221
22 512
637 512
272 637
651 637
919 651
834 919
702 684
732 702
279 103
334 279
225 279
870 225
682 870
169 682
163 870
381 163
329 169
446 334
271 941
428 271
966 271
250 966
683 428
542 683
93 446
528 446
783 528
422 528
698 422
615 271
841 615
464 615
996 464
995 996
331 996
948 995
924 331
29 995
950 29
936 950
450 834
567 450
831 446
460 831
72 635
118 72
478 118
496 435
32 329
382 32
287 382
633 536
31 633
405 22
907 548
978 924
461 978
144 978
344 978
203 344
595 449
245 595
177 595
939 177
322 939
2 177
745 2
888 745
914 745
654 914
611 914
990 745
145 990
249 145
490 818
211 554
510 211
619 211
880 629
348 880
69 880
814 880
244 965
771 244
809 244
196 771
172 196
60 970
638 60
70 524
558 921
191 558
627 142
155 627
168 187
442 692
80 442
167 221
241 167
929 241
535 929
153 167
555 153
59 555
975 59
226 555
445 382
389 445
693 975
63 72
630 63
364 63
550 142
874 550
160 81
526 863
762 526
313 762
933 762
130 933
52 130
905 957
240 823
415 49
862 970
161 862
347 161
988 862
28 161
429 161
486 347
793 161
68 793
491 54
34 491
214 504
40 214
370 40
552 280
324 552
439 324
541 324
433 541
725 60
603 206
910 603
931 282
204 931
876 204
62 931
104 62
342 104
436 342
35 342
111 914
507 111
257 111
765 512
369 765
938 369
508 550
217 508
763 508
722 763
540 508
321 722
650 722
940 650
42 940
30 42
380 650
150 380
699 217
149 722
837 149
345 540
289 150
402 42
157 402
294 157
799 294
357 799
192 11
10 192
917 52
521 917
883 521
300 521
829 300
588 300
867 588
394 867
305 969
316 497
612 316
8 316
956 612
275 650
328 484
164 612
77 164
610 77
885 610
120 610
872 885
790 872
358 790
14 790
806 358
465 872
733 465
378 120
198 358
231 198
689 725
559 689
597 797
900 910
182 580
297 684
877 29
224 877
730 275
363 526
766 363
915 719
660 915
140 660
570 915
374 118
621 314
844 431
830 687
788 554
767 835
500 767
277 767
421 277
659 767
979 659
518 979
670 518
141 670
565 141
310 565
266 767
772 228
989 263
175 875
871 282
676 630
896 809
568 402
457 149
74 457
137 280
317 796
912 317
959 347
748 959
997 748
561 997
180 561
622 180
86 622
821 561
339 821
409 86
165 748
527 165
764 165
82 165
750 226
171 750
260 527
12 260
549 12
794 549
154 794
665 794
9 665
517 9
696 517
879 696
887 748
124 887
983 503
820 983
152 820
575 983
944 575
427 944
593 427
318 593
827 318
847 827
367 944
773 827
556 827
176 556
873 575
981 593
985 981
991 81
778 991
451 70
934 451
252 918
562 252
656 562
861 656
700 861
525 700
438 700
800 700
312 800
954 252
728 603
761 728
539 880
639 965
323 295
590 323
717 486
227 717
125 227
338 454
534 972
648 113
230 648
784 230
229 784
791 229
185 382
942 831
470 265
138 672
553 428
866 512
20 866
742 236
179 434
443 179
73 179
746 504
432 821
273 612
159 273
810 273
199 810
259 199
482 199
270 259
780 159
353 339
832 740
858 832
751 858
505 751
56 505
775 456
895 239
109 895
119 109
860 109
930 62
281 860
448 347
736 448
147 818
419 373
563 419
6 279
359 6
326 359
708 560
407 541
243 973
609 423
513 855
968 513
846 968
916 513
754 846
143 111
7 510
485 990
923 683
41 580
205 41
546 799
744 806
756 630
760 265
922 6
315 525
201 397
955 159
195 955
774 195
533 195
85 533
246 774
747 774
906 774
459 49
779 956
207 359
452 347
406 452
671 517
804 153
447 804
520 447
971 447
584 971
417 584
964 584
649 964
162 964
713 964
290 954
596 747
998 596
859 452
283 361
566 21
551 566
25 155
581 25
255 752
398 255
776 255
758 776
19 855
117 656
709 799
743 709
721 696
982 140
718 435
90 9
453 90
99 453
15 90
360 745
681 69
802 681
643 802
697 575
94 559
392 363
686 392
188 686
76 188
711 76
24 76
472 24
16 944
694 16
105 141
215 105
43 215
881 105
401 881
58 215
943 44
986 943
889 63
836 974
928 836
781 73
840 195
346 840
848 346
385 59
958 773
715 958
632 396
519 266
592 5
644 592
269 592
664 592
151 664
356 592
264 547
652 417
678 183
822 709
803 730
483 175
680 483
893 483
662 237
184 755
91 795
920 30
285 527
850 221
854 850
444 528
474 444
613 694
904 339
197 904
233 279
727 233
903 208
579 903
487 766
200 487
110 212
817 211
87 793
516 664
327 52
992 819
824 517
865 817
792 778
691 954
741 257
869 896
426 28
220 152
26 655
13 875
538 428
937 89
291 69
868 291
101 472
71 750
606 766
302 768
78 347
511 496
591 511
577 840
336 29
352 262
351 599
232 152
626 232
690 626
726 690
33 626
894 33
468 626
710 726
473 710
278 593
807 946
628 807
3 628
414 628
390 892
256 854
878 908
158 878
379 158
729 597
53 790
416 807
75 416
601 91
337 191
467 521
455 550
616 455
375 616
608 375
977 581
67 347
851 67
598 194
479 74
418 96
355 614
704 98
83 263
129 663
882 129
899 36
174 899
371 134
514 640
88 221
362 88
372 362
618 362
51 933
641 861
864 951
0 167
494 0
253 771
425 280
787 425
267 787
572 267
354 277
463 354
368 536
391 368
913 391
902 334
350 902
66 62
189 936
166 189
114 104
911 114
961 449
293 31
571 293
927 293
133 247
156 191
833 680
23 701
669 240
812 669
131 848
576 663
962 88
624 459
642 624
146 73
667 238
757 279
953 217
393 475
636 883
480 334
469 126
261 734
136 261
403 229
706 403
645 198
723 329
219 756
458 577
515 590
843 995
857 776
620 727
901 93
960 350
108 305
462 889
731 295
909 731
235 835
377 880
845 377
932 200
498 619
335 210
798 726
842 316
509 660
737 655
677 70
18 296
890 852
481 272
994 352
574 428
602 730
675 791
440 838
735 804
782 95
476 539
213 284
545 470
268 329
410 268
980 95
387 180
366 163
617 183
404 617
646 421
856 366
102 745
587 986
522 940
301 54
79 212
759 31
808 183
949 511
222 592
685 764
1 24
384 679
688 838
309 240
92 509
411 724
320 439
594 232
825 160
712 813
777 443
493 175
886 626
789 864
121 763
46 810
64 998
853 372
898 330
999 105
604 395
