-98935.2 (peso da AGM)
681 652
275 681
389 681
304 389
465 652
468 465
99 681
846 99
345 846
366 345
693 99
13 275
636 13
308 636
699 308
555 699
981 99
229 981
446 229
541 636
400 541
758 541
101 541
476 101
152 758
861 476
46 699
5 46
662 5
934 304
759 934
633 759
375 633
226 934
296 226
529 476
626 446
156 13
865 555
444 865
153 444
511 444
871 444
159 153
277 511
499 277
176 499
880 277
768 159
632 159
316 153
437 316
813 437
14 813
925 99
539 499
818 539
723 539
497 539
216 497
7 497
457 7
473 457
19 7
561 19
906 561
360 497
338 19
521 338
801 338
115 521
135 906
163 135
523 135
991 523
736 991
130 736
281 130
69 360
729 163
35 729
562 35
832 729
122 729
656 122
763 122
128 360
929 736
492 929
424 492
18 929
321 18
290 18
208 290
501 18
405 18
622 128
104 622
114 929
12 114
461 12
28 461
589 461
396 208
525 396
518 424
286 518
407 286
769 286
664 360
730 135
255 730
180 255
283 180
195 283
344 122
577 457
342 991
737 342
205 342
332 205
506 205
0 506
37 506
741 37
500 741
168 741
106 168
436 168
733 37
659 733
992 733
706 659
248 500
297 106
403 297
502 403
82 403
36 502
68 502
877 733
401 877
812 401
552 812
140 812
912 140
397 912
535 912
279 397
528 279
90 528
777 528
167 68
770 167
862 436
377 862
648 862
750 377
516 377
688 648
276 688
329 648
675 329
40 297
300 40
346 300
498 346
891 498
354 498
352 498
682 346
256 346
600 498
873 706
901 167
466 901
426 466
292 256
536 292
984 901
876 167
641 876
966 641
251 966
919 966
358 876
739 251
620 876
299 358
239 299
774 239
508 919
842 508
923 842
161 923
157 508
917 157
950 917
836 161
849 950
87 917
486 917
129 849
293 129
238 293
835 161
875 835
623 875
162 623
306 162
599 162
51 599
380 162
606 51
663 835
680 663
839 835
830 839
841 830
113 839
767 774
686 767
762 686
780 380
356 767
4 762
918 4
166 918
819 4
696 819
703 696
240 774
86 917
588 86
743 588
928 966
433 928
21 433
952 21
870 21
571 21
721 571
858 721
441 433
953 441
948 721
144 948
916 144
266 953
702 266
515 702
84 870
794 952
962 21
969 962
997 969
31 962
227 962
263 997
261 31
331 263
479 997
422 479
864 422
687 31
567 687
280 31
982 721
554 280
54 952
668 54
803 54
831 952
719 84
920 794
913 770
98 920
83 299
910 948
258 870
313 258
349 313
642 313
924 642
590 924
149 642
843 349
700 924
979 700
773 979
863 313
202 149
834 979
458 202
887 458
575 458
520 313
334 642
124 575
631 831
71 90
645 71
601 645
142 601
746 142
53 746
454 746
23 601
169 23
811 454
942 746
440 601
760 142
257 760
935 746
908 935
133 908
596 935
421 596
988 23
975 596
826 975
425 826
430 975
573 142
731 573
585 731
288 596
643 288
282 288
701 288
496 701
914 53
587 430
2 587
117 2
761 117
598 761
765 117
371 908
450 169
570 761
799 570
660 799
810 799
802 810
333 660
707 333
563 333
252 707
893 333
270 893
287 893
150 252
447 707
350 447
3 447
125 350
564 707
295 3
804 563
259 23
339 563
151 585
463 601
388 295
471 388
197 471
467 197
556 467
373 467
34 257
423 34
697 46
616 34
302 616
203 302
740 302
776 740
110 776
29 110
192 776
619 29
209 619
42 209
60 740
538 60
148 42
904 110
314 904
44 904
512 101
395 512
692 395
372 606
689 372
94 801
47 94
903 47
65 94
75 65
888 75
154 75
658 763
353 567
131 733
691 997
781 75
193 353
814 380
749 300
666 962
965 819
993 731
986 873
545 986
57 950
127 57
679 127
24 127
365 24
194 365
568 194
460 568
414 460
726 414
715 726
638 715
341 414
413 341
695 413
303 341
487 303
81 487
932 81
15 638
534 303
188 534
232 534
971 471
491 776
708 491
484 491
890 232
30 890
958 296
787 446
967 461
995 695
220 871
483 636
630 988
317 21
196 317
183 196
262 183
222 262
64 262
199 64
474 64
825 474
778 825
531 778
383 64
309 199
26 64
245 309
187 245
566 283
322 966
857 322
301 322
848 857
145 848
724 145
546 857
172 546
613 920
937 613
553 937
747 652
351 587
797 4
503 797
867 503
881 503
112 503
597 503
827 797
289 881
954 867
382 827
557 382
298 37
829 298
989 829
10 989
173 597
185 173
742 774
134 44
963 134
533 963
756 4
738 405
673 738
267 738
52 267
859 686
272 859
764 859
931 764
394 867
217 700
625 217
507 625
448 625
434 507
228 434
565 448
509 448
856 565
805 849
118 805
33 118
412 33
265 118
49 265
381 412
712 381
894 49
709 33
883 142
838 71
362 838
48 362
198 969
462 388
480 691
655 480
236 655
956 758
431 956
576 431
722 956
822 722
315 822
488 431
949 576
683 315
627 488
20 627
897 627
55 20
105 55
406 18
926 406
177 926
558 177
102 486
268 102
291 102
469 202
946 917
936 403
775 936
978 291
544 293
996 135
77 544
586 841
327 666
111 327
204 327
603 586
325 441
505 36
650 505
278 505
572 278
324 913
976 111
340 976
418 340
335 418
11 340
464 335
634 761
67 11
639 75
164 135
624 164
269 164
579 624
670 465
753 670
672 523
690 446
478 690
847 131
614 403
582 811
669 582
618 582
592 767
264 775
420 264
386 264
744 77
987 744
593 18
732 308
175 468
581 175
651 581
235 651
612 581
754 535
640 754
250 640
174 640
451 640
745 759
190 457
957 190
889 639
947 889
644 947
357 889
885 871
855 830
608 986
772 723
661 306
559 661
93 772
718 93
938 679
905 708
91 280
126 91
973 126
974 973
792 974
409 792
85 974
677 409
940 554
191 940
727 191
391 940
39 727
439 39
76 391
874 99
895 905
676 895
495 953
485 759
32 586
522 506
310 153
137 903
944 185
45 954
823 228
260 4
524 260
872 342
943 872
244 943
27 952
348 342
415 348
70 888
821 420
171 821
361 696
790 361
337 172
165 888
141 910
201 117
411 881
998 353
482 998
428 998
898 482
685 898
853 650
610 853
449 84
933 468
359 933
860 933
429 495
445 429
735 232
493 735
410 735
510 622
900 493
569 775
494 439
74 172
850 86
311 525
607 94
635 607
782 635
560 782
674 768
103 674
368 354
139 368
25 139
387 674
713 641
748 713
116 713
840 923
550 840
868 550
649 868
123 649
427 649
393 825
869 658
845 546
442 770
9 34
326 29
384 326
398 384
221 660
218 533
146 218
78 218
80 9
915 630
254 450
513 217
837 513
945 513
591 344
22 965
305 277
158 721
249 158
537 101
605 537
939 133
367 608
678 84
711 158
784 881
318 857
896 918
999 896
408 999
390 502
970 35
985 390
990 90
751 750
242 486
435 242
972 368
902 970
621 365
206 193
472 998
909 472
58 472
225 58
189 225
330 225
977 660
210 977
320 210
665 413
179 665
540 179
854 703
815 75
213 149
108 213
807 843
960 680
109 802
980 391
816 980
930 869
994 614
253 926
284 799
543 638
271 767
17 862
343 131
438 748
549 918
237 437
207 237
230 750
911 973
234 929
452 234
8 234
647 509
927 647
710 927
59 710
119 59
312 435
629 312
231 161
419 231
720 231
374 720
456 419
788 977
417 715
416 940
219 460
551 219
892 551
475 624
89 952
779 276
455 863
246 83
138 377
922 426
16 680
307 960
517 943
602 436
378 602
698 260
38 978
319 113
646 248
548 417
766 89
604 237
66 272
453 283
817 663
628 817
653 817
477 653
609 418
694 609
824 497
432 255
542 432
200 371
489 693
584 489
578 70
323 390
121 397
56 121
964 56
617 614
132 235
376 680
882 376
793 882
951 882
580 882
181 484
785 181
459 980
796 660
752 796
983 796
170 983
527 170
61 787
247 923
637 842
50 389
243 40
611 175
274 128
182 943
79 832
347 762
717 503
328 302
519 271
684 764
233 104
62 233
806 500
884 806
725 50
716 569
941 519
878 941
667 822
808 887
783 330
844 731
771 500
147 771
385 771
705 591
866 705
186 128
72 501
96 984
879 141
657 228
791 557
734 584
526 734
615 693
211 272
574 24
92 34
107 756
907 50
88 872
215 307
671 753
336 200
73 559
961 825
241 290
370 694
755 370
6 345
757 6
399 734
369 986
583 898
355 195
828 239
899 639
820 203
285 944
363 846
223 696
294 223
728 596
798 857
886 262
136 641
392 136
809 749
63 983
184 96
833 184
43 609
594 5
481 894
95 589
714 68
959 410
547 890
214 244
789 459
851 601
379 312
530 340
402 530
470 311
404 929
212 272
704 399
921 704
273 144
100 591
443 581
143 288
800 459
1 522
795 832
504 825
364 624
97 531
178 982
224 275
852 452
532 774
514 541
654 552
595 420
955 44
41 781
160 41
490 929
968 986
120 148
786 365
155 319
