-98956.3 (peso da AGM)
302 756
629 302
792 302
975 792
124 975
27 792
70 27
640 70
803 640
375 70
299 375
949 299
84 375
486 949
37 486
64 84
662 64
149 375
72 149
284 149
10 284
682 486
126 682
498 126
609 498
834 609
925 609
355 498
235 126
56 355
632 56
123 56
618 123
167 123
138 632
600 138
580 618
546 580
415 609
277 415
721 277
985 721
610 985
272 985
890 272
475 272
243 475
729 475
958 243
175 958
134 958
842 134
591 842
837 591
172 175
253 134
89 253
196 89
995 89
259 89
46 259
133 46
768 133
723 259
946 723
255 946
98 995
671 98
561 995
910 561
411 910
399 411
363 255
370 363
711 370
487 363
576 253
578 910
786 578
407 786
324 407
500 407
274 786
474 274
400 363
174 958
362 400
514 362
854 274
861 474
150 861
844 150
142 844
240 142
936 142
233 861
446 142
216 446
631 233
206 631
406 631
808 174
705 808
3 705
641 546
59 641
250 59
238 250
695 138
755 600
588 755
515 588
157 515
888 515
116 888
720 116
741 720
647 741
63 157
757 157
18 720
490 888
9 490
219 490
554 219
463 219
595 463
815 219
90 815
345 647
979 123
982 979
181 982
433 982
178 982
334 433
573 982
891 573
298 982
208 178
725 982
360 573
156 360
731 156
797 334
193 216
397 355
653 397
230 653
322 230
882 653
954 397
893 653
619 893
927 619
394 619
256 394
456 394
262 456
353 262
679 893
154 256
801 154
523 882
291 801
501 291
358 501
784 291
928 946
384 928
694 384
904 384
197 694
439 197
728 197
563 728
189 728
951 728
764 951
100 764
8 100
700 8
697 764
706 764
769 697
627 769
271 627
427 694
651 427
911 271
570 911
510 439
74 510
499 74
611 499
746 499
624 746
145 746
970 145
794 145
386 746
559 386
703 559
541 386
965 588
605 100
873 605
273 873
846 273
432 846
790 74
191 386
735 191
620 925
871 620
481 358
418 481
168 481
62 554
809 62
461 62
211 461
887 211
543 461
513 543
393 543
442 393
294 513
93 294
714 461
652 714
448 93
997 703
690 997
658 714
261 658
617 887
845 617
687 611
365 595
257 259
137 415
381 446
469 381
783 469
300 783
314 498
915 619
832 915
330 384
906 330
276 250
410 276
479 410
811 479
305 479
45 211
623 358
372 623
224 623
551 694
438 257
212 438
194 212
47 194
169 438
544 438
436 544
944 544
341 944
612 341
477 944
649 477
550 477
907 194
237 907
681 438
327 681
738 681
202 580
379 202
470 797
182 470
930 259
713 930
260 713
452 260
795 452
146 452
472 930
616 452
152 616
49 795
630 27
858 713
251 237
625 893
491 625
539 491
810 539
644 810
717 644
437 717
303 810
773 303
283 303
903 283
519 283
267 773
938 283
161 938
654 415
323 654
304 654
869 323
645 323
566 645
772 566
699 772
537 699
447 566
348 447
458 348
549 566
913 549
121 549
96 121
850 96
376 850
571 913
851 772
813 537
984 772
306 984
320 306
177 320
732 177
698 786
328 549
78 255
684 78
665 684
35 665
589 191
396 589
112 589
901 396
594 112
198 112
626 198
346 626
992 396
828 626
36 828
42 828
435 42
560 435
39 112
555 112
28 555
967 28
473 499
506 473
380 473
777 380
656 473
988 656
829 656
23 506
450 23
710 450
959 450
675 656
296 380
57 296
22 197
742 544
225 801
382 624
968 959
416 259
340 416
344 968
971 344
761 344
357 344
478 357
847 971
374 847
106 478
963 106
793 353
867 793
529 867
586 793
451 586
148 586
567 529
86 148
964 86
701 964
730 701
859 730
524 859
822 487
507 822
462 822
440 507
863 138
228 498
878 228
383 741
140 792
892 586
359 167
392 260
195 944
638 195
55 638
849 195
737 849
969 383
390 907
476 390
285 476
119 476
417 119
147 390
444 147
159 444
667 498
522 667
318 667
800 667
565 318
114 800
816 114
335 565
247 667
760 318
607 816
799 607
840 800
986 840
337 565
254 337
905 337
659 607
575 659
496 840
170 481
493 786
54 444
192 54
707 54
527 707
753 527
960 383
734 960
716 734
77 734
136 216
102 136
596 102
66 102
724 66
180 66
999 180
52 999
686 999
781 999
398 180
990 781
321 990
482 321
120 321
599 724
187 599
770 321
24 770
158 440
889 158
817 889
865 817
186 889
107 865
141 107
702 107
774 817
480 774
184 107
747 184
103 184
210 186
258 210
467 158
977 480
6 977
29 747
947 29
412 947
203 412
429 203
297 429
650 210
868 702
955 868
604 955
974 868
209 868
835 955
179 868
782 604
60 782
831 782
333 60
908 782
266 908
282 908
511 282
454 266
896 209
733 896
660 847
718 514
983 718
388 718
791 718
668 733
740 728
361 896
354 298
466 354
232 466
872 891
316 872
19 304
922 514
670 922
750 360
420 372
332 376
839 283
621 832
292 621
587 292
657 292
804 657
762 703
593 762
385 522
166 385
646 374
5 977
948 891
886 646
763 886
171 195
633 171
217 799
73 588
608 73
143 608
505 143
932 505
924 143
966 505
389 682
234 121
201 400
517 234
311 946
275 311
492 479
909 300
943 909
155 943
939 761
942 939
677 170
339 769
989 339
494 341
227 494
331 501
41 324
981 41
319 257
598 803
76 303
31 76
312 31
744 31
953 76
693 312
752 930
655 752
125 655
188 835
937 216
336 763
568 336
727 336
414 727
413 414
866 336
952 670
105 29
241 105
557 241
798 517
342 476
945 829
819 945
991 819
269 819
453 476
666 453
683 666
246 361
502 324
151 273
431 151
895 431
572 431
884 895
841 151
934 841
545 35
597 545
287 597
313 559
512 988
131 444
579 131
558 717
97 871
556 97
613 97
405 943
315 405
368 544
743 368
7 841
75 947
204 75
614 75
309 614
317 204
495 368
870 75
85 870
248 85
215 248
622 85
692 622
931 215
758 931
127 692
672 127
814 758
79 892
603 79
465 804
268 466
881 268
739 811
43 461
712 78
263 151
338 263
404 794
980 404
820 859
806 868
775 813
973 283
288 973
833 288
428 288
471 428
864 428
108 107
987 108
40 108
562 40
426 142
547 108
664 835
921 945
449 922
245 449
92 449
680 493
95 782
996 412
534 66
601 534
455 560
754 455
26 85
286 152
726 286
920 726
220 106
919 220
464 698
290 936
504 919
483 504
378 763
736 474
162 736
956 162
265 322
459 265
430 235
104 365
497 104
367 104
875 497
883 253
434 5
128 598
521 761
391 521
364 391
894 364
53 571
993 675
176 187
574 176
460 196
569 84
530 234
213 828
2 638
821 2
540 837
577 844
532 577
518 532
80 518
590 80
669 518
643 577
674 965
373 234
130 373
704 373
242 894
796 367
270 479
950 412
676 388
82 557
422 690
818 803
805 235
778 355
51 574
972 980
926 972
329 926
307 972
83 926
356 926
183 356
877 329
214 447
853 214
508 853
503 853
787 300
118 787
468 782
642 468
898 792
30 654
940 966
994 273
719 665
347 719
548 687
779 548
44 52
581 55
264 581
200 737
308 286
289 308
153 308
443 153
526 644
765 234
857 627
536 750
222 532
583 452
528 583
229 528
489 975
825 274
99 348
419 46
32 419
58 898
855 690
21 855
900 58
25 8
860 492
807 152
199 807
11 89
715 474
542 715
552 799
902 276
553 773
812 640
789 675
628 612
34 430
648 54
661 723
101 43
445 63
310 586
280 981
751 296
606 751
823 606
880 999
350 686
205 219
771 522
249 771
113 650
343 136
68 343
403 59
885 403
4 403
239 885
236 112
115 446
122 849
978 565
722 978
673 978
916 673
1 916
13 916
933 722
582 604
69 265
139 69
748 5
874 140
0 375
15 102
634 41
278 407
689 66
163 216
516 499
535 516
759 74
88 46
244 925
366 744
371 557
897 290
221 212
862 221
50 858
110 163
678 420
538 583
602 213
531 602
38 296
61 31
173 906
144 173
185 144
91 144
20 173
691 20
231 20
301 173
585 684
876 585
352 714
639 352
935 85
776 392
709 654
12 967
962 581
485 630
377 229
802 522
48 193
592 48
117 418
843 609
281 905
780 281
533 269
663 345
67 8
223 262
696 894
369 982
615 591
637 350
912 647
509 684
326 573
457 946
409 457
65 612
160 687
325 160
976 808
402 605
387 582
584 319
830 557
135 459
71 855
745 151
838 628
424 185
635 199
636 107
295 636
826 636
425 445
824 123
941 442
685 723
827 501
109 566
856 227
923 299
293 923
401 293
836 601
749 47
785 491
957 963
94 753
218 274
165 681
914 456
879 914
14 390
899 379
207 760
441 127
525 513
349 306
917 561
351 457
279 124
848 419
766 848
164 766
111 164
484 934
129 484
395 103
16 861
918 522
408 518
81 232
961 341
688 461
190 333
564 448
488 359
998 793
17 526
788 539
767 740
421 660
33 247
252 464
520 346
929 105
132 542
87 752
852 316
226 595
708 187
423 357
