-98997.4 (peso da AGM)
555 301
733 555
343 733
2 343
264 2
453 2
709 343
458 264
953 555
18 709
381 18
717 709
684 717
514 717
518 18
549 518
88 709
410 88
862 953
321 862
831 321
965 862
618 965
517 618
425 453
651 425
12 425
35 264
38 733
393 38
624 393
683 393
135 624
372 135
239 372
120 372
856 120
918 856
286 856
302 286
129 302
384 129
226 384
221 226
866 393
219 918
482 856
34 482
794 482
468 794
947 794
212 918
905 212
686 482
830 686
572 830
551 221
29 135
638 482
919 638
662 919
812 919
802 812
94 812
654 919
620 802
340 654
502 340
43 502
397 43
105 620
360 502
817 638
957 817
538 957
339 817
477 339
912 662
833 912
254 912
865 254
283 254
322 283
223 360
250 223
633 620
406 633
382 406
530 406
811 633
581 530
646 530
937 811
446 646
80 633
843 80
602 843
668 843
323 340
564 633
174 323
40 29
72 40
99 382
471 99
329 471
952 471
841 952
60 329
485 60
303 471
390 303
704 390
751 704
720 751
592 303
328 704
558 720
529 558
681 529
902 681
609 471
296 529
626 390
408 323
579 408
89 408
519 471
895 519
805 895
718 805
140 296
236 140
149 140
138 236
506 138
574 138
32 138
789 138
216 789
469 216
628 216
407 720
316 407
430 558
785 558
813 785
131 785
735 131
688 735
725 813
616 813
793 250
680 793
978 226
130 43
244 519
911 477
85 905
873 85
481 130
760 481
724 760
159 760
17 628
543 911
79 718
462 79
196 462
615 79
913 462
69 462
280 196
55 79
764 55
479 55
103 764
590 103
134 103
962 103
364 590
100 364
863 134
565 863
666 565
456 565
505 456
231 505
778 456
81 231
832 505
334 778
312 55
431 334
591 103
762 591
336 957
356 760
167 356
319 356
643 356
42 591
108 579
14 833
10 14
693 72
881 693
27 881
71 881
746 693
447 746
52 89
916 481
939 978
927 103
749 927
781 749
880 781
938 880
66 880
711 66
629 711
701 629
971 701
883 971
442 701
151 883
265 629
550 265
826 265
341 265
277 550
157 826
386 550
815 550
539 157
210 539
358 210
944 210
289 550
807 289
349 807
703 157
402 539
736 402
853 736
894 853
197 853
313 853
451 197
106 451
664 106
839 664
375 839
973 375
589 973
152 375
345 375
359 589
165 839
220 165
122 220
293 122
353 122
889 353
845 293
183 845
891 183
961 293
677 220
423 677
95 677
595 423
968 595
996 265
20 996
534 839
851 423
722 851
691 722
435 722
245 435
279 851
193 471
209 451
392 209
759 392
837 759
885 759
363 885
613 885
13 759
562 392
325 971
510 325
991 477
739 830
192 961
678 938
989 678
246 989
761 624
536 761
974 536
610 386
750 610
346 750
576 543
205 610
188 811
282 188
176 282
525 581
647 525
765 525
161 576
452 939
180 736
886 505
948 886
834 886
554 834
57 834
798 57
599 886
441 57
139 441
531 139
990 531
101 990
723 531
424 723
611 723
33 611
650 723
587 611
806 587
306 139
598 101
488 598
203 441
405 203
476 405
930 476
563 930
732 405
484 476
742 484
394 742
77 203
727 77
797 727
630 727
928 630
30 928
493 928
465 727
705 77
225 630
780 928
967 630
882 30
946 630
461 946
738 962
540 481
955 540
966 540
320 939
934 320
661 476
867 505
125 867
307 989
330 781
68 330
294 643
24 928
625 24
520 625
160 520
636 625
53 520
945 160
566 945
121 845
58 121
16 58
114 16
657 58
238 657
775 114
507 657
98 598
370 657
206 370
645 206
355 370
800 645
690 355
861 370
583 861
734 583
497 583
917 734
459 861
332 917
218 206
571 218
224 218
769 571
377 769
434 734
217 434
146 434
673 146
983 353
617 983
560 983
422 983
227 220
719 227
782 719
337 782
729 337
338 729
191 405
667 832
172 667
857 530
906 323
215 172
515 477
824 515
273 824
699 913
635 699
243 762
552 906
838 552
186 552
556 43
860 345
344 860
487 344
816 344
15 816
466 487
47 344
858 224
440 858
368 440
50 368
632 254
855 858
417 855
940 617
757 940
731 2
521 731
995 521
335 995
473 335
984 473
986 984
963 521
696 397
537 696
969 696
528 473
70 863
988 705
187 528
175 646
416 462
182 358
365 632
314 797
659 314
586 729
710 203
545 558
803 98
199 803
548 199
74 548
985 74
658 246
376 157
695 376
500 695
3 695
689 3
868 689
276 695
155 868
772 135
427 548
795 586
774 795
791 183
39 724
847 518
854 761
54 321
641 54
892 889
631 892
391 591
478 391
208 386
960 208
808 960
825 808
28 825
887 960
915 332
107 677
454 107
437 750
144 437
821 98
964 481
241 964
304 241
604 918
578 604
371 578
869 371
1 371
896 1
388 578
342 388
383 896
787 383
872 383
931 650
584 931
162 584
443 584
62 443
166 62
901 27
561 221
670 313
262 670
419 670
288 262
508 419
169 382
91 169
415 91
418 415
582 360
127 582
308 120
752 376
516 752
190 167
840 190
547 752
951 547
297 951
876 186
697 651
494 697
298 494
698 775
987 494
970 987
849 970
22 849
83 355
275 965
300 670
878 208
201 878
445 201
623 445
63 623
158 63
907 63
535 907
716 158
541 907
553 716
936 63
59 907
270 553
222 270
608 270
726 270
637 907
278 637
804 294
600 537
603 600
46 603
606 603
627 606
875 57
820 875
6 803
467 616
409 306
97 599
490 506
809 244
848 915
959 703
251 731
311 251
247 135
153 239
801 153
21 153
567 775
184 567
496 184
413 496
687 413
593 687
317 22
706 841
972 732
926 972
652 926
577 652
387 926
295 808
178 611
818 652
893 818
142 818
949 313
721 142
399 506
480 538
230 520
513 230
269 513
385 697
755 385
475 385
532 755
859 968
45 859
111 859
281 111
763 281
671 144
958 671
879 812
64 879
999 64
557 999
362 64
401 516
546 645
897 572
463 897
796 463
472 837
754 969
261 418
575 855
290 591
87 801
49 87
612 87
779 612
932 612
263 932
994 916
350 882
700 193
260 803
124 893
712 265
665 71
132 454
594 132
116 594
179 116
747 797
756 967
890 539
501 896
941 501
980 572
366 50
544 366
287 544
464 287
395 464
398 287
741 366
997 591
929 997
112 997
568 997
607 494
899 705
923 594
903 923
331 641
993 331
248 508
234 547
836 331
61 841
933 264
421 576
559 513
31 87
292 974
784 292
354 784
145 590
648 49
694 648
271 694
601 991
126 601
622 442
310 936
922 983
400 922
486 400
136 388
177 697
347 177
41 347
634 485
19 905
352 19
173 352
113 352
90 553
426 947
148 957
786 148
65 786
411 65
777 584
110 638
185 110
499 22
766 499
597 477
96 635
679 96
491 618
404 96
799 404
76 43
920 76
900 920
524 839
255 524
202 524
702 484
284 418
23 284
655 23
291 655
8 655
128 625
457 128
512 457
318 704
9 318
767 9
228 767
585 228
743 767
580 9
44 394
877 381
274 877
198 980
460 198
823 688
204 352
379 671
37 379
663 37
455 387
403 250
642 28
998 642
596 998
870 125
309 870
822 309
5 464
396 696
676 396
943 453
240 830
233 240
753 233
207 727
844 207
573 35
814 573
588 502
533 646
348 840
327 376
828 327
449 316
498 876
829 289
257 286
285 257
141 409
181 446
189 717
92 404
619 496
773 619
315 356
84 315
133 84
909 133
51 839
326 51
788 326
252 60
200 296
924 200
380 964
954 600
229 691
660 229
242 800
495 242
249 422
570 845
675 463
674 142
744 840
884 395
150 964
214 150
102 352
748 102
846 748
715 265
232 743
357 561
888 160
522 65
48 70
835 59
26 106
235 726
908 235
299 908
170 299
942 460
119 224
267 322
109 31
367 384
605 254
361 605
36 72
707 36
168 108
11 168
438 168
324 887
874 324
213 874
86 417
258 752
950 493
470 884
448 470
827 244
644 827
7 791
925 782
935 696
171 594
542 26
976 588
526 89
511 192
714 511
904 778
56 904
656 522
758 656
389 758
118 758
436 7
975 260
819 183
93 819
412 284
776 718
509 807
25 509
569 321
790 776
810 667
852 69
147 319
373 147
740 839
439 95
504 438
914 582
977 394
483 434
82 326
378 255
653 673
351 282
4 209
708 4
420 801
154 420
78 805
672 78
910 946
0 410
649 625
305 649
414 944
728 623
979 443
444 138
195 931
770 475
75 159
369 275
982 369
792 580
768 874
669 80
850 284
211 583
428 996
163 428
981 400
433 75
745 47
503 745
474 587
842 279
429 833
143 568
73 966
237 73
527 727
523 4
268 191
730 996
871 49
956 92
783 918
992 404
266 592
137 986
639 587
333 729
374 161
117 860
621 929
164 35
156 263
256 841
450 228
272 812
67 414
864 74
194 302
692 50
104 925
614 827
682 968
259 824
253 520
737 789
921 565
123 179
898 205
685 426
713 300
640 484
771 992
492 456
432 922
489 618
115 868
