-98912.2 (peso da AGM)
189 280
581 189
756 581
989 581
184 989
130 581
646 756
374 130
438 374
691 374
317 646
107 317
243 317
861 243
426 861
562 426
645 426
1 645
936 243
528 645
443 528
821 443
495 821
241 443
365 241
294 365
727 365
880 727
673 365
417 495
461 417
425 461
967 461
835 461
346 835
388 346
58 835
838 562
320 838
82 838
682 443
543 682
378 543
554 378
741 554
338 838
613 338
901 107
484 901
629 484
783 484
267 783
265 629
393 265
509 629
7 294
798 7
358 7
80 7
570 358
476 358
973 358
526 973
67 973
148 358
57 798
62 57
413 62
933 67
580 933
809 580
228 809
671 228
100 933
559 933
647 559
921 228
370 358
707 370
546 707
864 707
631 921
147 798
488 526
49 488
995 49
44 995
813 44
503 813
685 503
900 813
234 813
307 685
339 307
143 44
71 143
674 143
412 674
449 412
493 449
795 449
550 674
200 550
161 550
113 161
332 449
423 332
711 423
976 339
966 711
808 307
922 339
490 922
742 490
382 742
633 382
315 382
979 339
483 979
681 315
776 979
926 776
158 776
197 926
862 197
369 158
641 862
555 862
183 641
442 926
238 442
556 238
540 556
687 540
780 687
592 687
823 592
192 823
43 238
614 43
575 43
793 614
330 575
602 43
982 602
709 862
285 709
85 709
500 85
303 500
863 709
41 500
917 823
343 41
352 602
530 503
924 530
506 924
379 315
541 379
714 541
622 541
224 622
222 224
659 224
612 659
908 612
203 714
846 714
505 222
847 592
180 847
395 681
254 395
889 254
902 889
585 395
468 585
534 585
732 468
725 732
146 732
625 468
923 254
943 732
492 468
928 468
9 928
150 928
306 150
718 306
740 718
672 740
54 672
91 54
899 54
749 899
512 54
63 54
772 63
950 625
479 512
308 950
579 308
852 579
36 579
743 36
210 308
610 899
640 610
191 146
231 585
473 749
627 899
584 627
371 852
826 534
47 254
547 579
945 547
784 928
386 191
138 772
349 826
865 349
637 865
463 865
76 463
96 740
752 637
459 752
569 459
710 569
572 710
22 459
763 22
26 710
119 26
214 119
293 26
334 119
336 763
136 336
270 136
661 752
355 661
201 473
123 293
897 63
510 210
470 76
692 214
116 692
578 138
17 578
931 17
617 718
345 725
436 612
980 345
206 980
24 980
326 625
323 326
383 323
511 326
887 923
394 887
724 511
839 950
95 902
675 95
297 675
212 530
907 212
636 95
881 636
155 881
634 155
531 881
25 155
18 155
937 579
217 297
932 950
289 932
245 488
256 483
392 776
871 392
925 289
380 925
738 380
190 738
817 190
981 817
818 981
366 817
851 818
154 738
110 154
553 110
196 738
919 817
730 919
884 738
745 884
972 190
866 972
990 851
205 884
680 990
994 205
247 994
439 994
737 439
68 737
311 439
814 439
775 814
767 775
435 775
279 738
508 279
728 508
405 737
621 738
848 584
263 674
667 358
400 247
337 380
677 617
175 323
359 175
275 412
765 275
565 614
198 565
30 565
45 359
257 394
440 257
35 257
88 45
939 440
618 939
694 618
850 694
704 694
432 704
717 432
545 850
354 545
537 354
74 545
141 432
65 141
860 65
255 141
118 65
520 255
603 618
389 603
964 389
696 65
350 294
599 350
787 599
262 787
953 262
805 939
960 805
499 805
993 960
836 993
93 836
930 93
927 930
524 927
576 524
533 576
208 499
834 208
665 208
794 208
97 836
160 97
213 97
978 160
269 978
666 269
31 978
193 978
744 193
253 193
974 253
849 974
719 193
51 253
760 51
131 760
779 131
801 253
115 794
309 115
105 709
271 105
128 51
373 805
720 801
684 720
202 684
79 684
399 612
769 399
38 769
232 38
458 232
427 389
325 427
72 325
376 325
910 533
747 24
697 747
825 681
477 825
854 902
842 728
124 842
792 842
248 842
523 617
249 547
402 315
620 402
111 620
156 249
168 156
164 168
356 164
66 356
589 66
23 402
604 613
226 579
437 189
451 570
469 67
827 267
587 155
824 587
735 587
69 18
78 263
178 78
812 178
70 945
869 70
272 869
421 953
904 675
786 904
172 904
250 786
15 953
567 468
357 567
726 357
87 726
542 191
638 542
969 814
176 546
261 622
815 899
125 815
428 125
106 428
410 106
266 106
167 266
527 167
431 267
98 180
867 148
282 587
909 924
406 945
298 325
361 685
59 470
497 428
538 497
220 497
235 59
466 315
485 466
781 466
42 781
236 485
84 781
13 84
961 311
319 961
277 373
788 440
211 869
583 211
855 583
571 855
305 571
37 305
384 37
632 384
600 632
957 632
489 957
455 600
521 455
607 521
914 607
29 583
64 29
101 600
868 101
142 427
845 142
34 142
28 845
290 28
454 845
135 72
635 135
688 521
81 688
462 688
186 462
958 186
360 191
856 360
515 360
108 330
983 108
89 983
304 983
656 23
956 492
268 956
560 111
736 560
416 600
441 191
859 319
873 859
215 859
129 793
109 307
348 109
519 859
906 519
605 150
590 605
689 846
11 689
292 788
935 900
401 190
811 641
699 191
120 699
536 120
240 536
911 850
244 303
112 346
126 43
777 126
218 777
878 218
27 218
299 777
333 299
999 458
615 138
239 615
233 520
574 267
549 484
242 549
649 625
828 649
20 828
739 937
952 739
165 981
690 910
678 690
843 336
535 843
898 535
782 898
447 898
132 447
734 447
762 734
159 447
653 132
588 653
287 762
182 287
596 287
3 182
755 28
481 755
347 755
877 91
947 877
934 877
803 510
102 115
151 102
753 102
619 753
771 85
885 248
424 506
844 413
145 844
391 745
372 231
169 372
12 372
83 470
300 83
420 300
0 420
544 95
237 1
419 974
195 380
761 195
892 761
660 892
643 660
52 643
962 52
173 962
14 962
639 14
806 14
670 990
225 670
883 225
975 225
996 666
452 996
968 438
785 968
496 245
6 660
283 6
258 297
229 953
296 0
344 296
288 296
162 296
465 296
598 267
313 598
831 873
445 831
329 831
566 110
948 777
595 948
683 454
122 683
676 683
16 676
894 16
4 599
664 350
715 36
754 715
94 155
407 447
858 18
822 858
53 822
504 822
944 822
797 426
342 357
630 342
264 630
434 264
291 389
367 131
716 249
987 217
472 987
686 472
642 686
60 589
942 732
227 191
457 545
295 749
340 545
114 340
557 308
513 864
188 263
411 188
663 37
2 663
700 885
491 306
905 329
644 979
331 972
444 331
396 444
758 481
819 865
177 82
708 58
377 84
246 377
774 246
552 246
800 463
857 800
8 961
302 254
954 928
514 954
398 514
770 373
422 673
40 235
433 124
991 173
951 521
915 515
486 915
137 887
903 8
104 903
778 954
764 114
949 764
713 949
86 713
963 86
153 86
498 153
460 86
561 745
152 323
276 152
252 276
194 252
278 194
312 803
731 469
221 731
601 373
33 800
702 378
965 702
335 238
185 120
791 185
139 185
56 824
870 56
324 56
286 324
21 674
829 21
75 691
516 75
789 75
733 763
654 238
891 835
628 907
669 335
608 669
955 999
77 955
518 280
475 845
166 475
73 31
273 509
453 470
525 795
284 775
655 309
729 627
810 729
757 810
140 810
750 810
992 233
144 992
746 144
888 746
409 379
10 409
759 409
429 10
430 463
879 617
316 879
611 97
799 824
875 399
157 875
606 157
773 878
501 611
480 158
414 421
529 414
913 414
986 414
61 529
712 61
609 712
328 609
522 846
701 476
363 95
199 250
494 950
890 96
568 519
624 277
938 402
387 938
998 493
207 998
171 290
616 733
170 616
985 170
353 985
375 429
705 589
679 782
658 361
381 61
623 167
997 623
368 549
46 368
573 59
874 253
872 441
502 592
507 584
281 29
946 281
591 345
209 669
32 209
706 644
807 706
327 496
301 522
988 301
657 560
929 657
586 657
896 706
895 896
551 11
790 676
99 790
594 439
651 824
187 183
548 187
971 548
768 2
886 324
351 23
940 351
223 146
830 388
274 223
450 274
448 725
55 993
446 632
959 143
796 730
121 85
5 595
558 631
482 297
260 536
816 260
593 155
48 535
751 71
597 872
916 597
841 597
456 841
216 410
251 784
840 246
179 840
404 139
385 822
415 290
652 171
723 71
832 57
563 396
181 563
532 181
103 387
802 103
204 112
467 861
390 467
693 467
650 726
478 950
259 478
920 536
918 283
487 184
722 31
163 504
882 163
230 499
970 948
668 521
90 726
133 90
314 806
92 291
876 3
582 878
322 772
564 409
174 600
134 834
39 981
403 447
117 286
474 117
19 765
471 16
748 3
219 159
408 868
149 802
362 502
721 362
766 632
321 90
418 892
341 828
364 480
804 733
977 575
577 390
318 16
893 190
833 642
539 881
941 982
837 756
626 622
912 939
397 203
127 527
310 862
820 705
984 832
703 9
695 718
464 512
662 388
853 741
517 5
648 517
698 874
50 492
