-98947.7 (peso da AGM)
599 286
285 599
539 285
999 539
410 999
387 999
482 387
475 482
298 475
936 539
713 539
443 713
789 443
624 789
103 789
279 624
498 279
294 443
534 443
98 624
753 98
118 753
214 118
697 753
876 697
981 118
293 981
418 713
822 789
525 293
409 713
840 418
250 822
235 250
347 235
192 347
687 192
3 687
120 3
331 120
660 331
613 660
673 660
996 331
365 235
737 365
611 192
20 624
467 876
812 331
909 812
868 673
452 868
56 331
630 467
992 630
457 992
165 457
189 992
864 630
236 457
646 236
928 864
521 928
40 928
75 928
796 75
597 75
176 597
681 176
554 521
453 521
666 453
12 40
415 681
183 415
371 236
332 371
38 332
303 38
43 303
200 303
596 200
884 596
609 200
758 609
892 758
914 892
162 914
48 914
656 48
78 892
633 78
541 78
717 162
552 541
167 552
837 167
899 162
600 899
264 12
60 864
993 415
725 609
684 884
454 684
414 371
177 414
178 414
886 40
478 886
537 478
973 415
901 973
954 973
548 901
218 901
242 552
797 242
668 725
345 668
942 668
861 942
344 861
974 344
21 344
948 21
312 21
277 312
207 21
565 344
444 344
881 444
289 444
509 881
210 509
882 210
333 881
902 210
729 902
558 729
66 210
711 289
568 711
318 711
35 318
698 711
245 698
352 245
481 352
664 481
83 245
182 245
577 83
251 568
14 251
26 664
654 66
455 654
867 455
18 867
155 455
1 155
442 654
461 442
975 461
74 442
130 461
804 74
637 975
462 130
348 130
501 348
495 462
994 495
809 637
790 565
531 312
7 531
564 509
106 942
135 106
27 135
258 27
801 7
154 801
920 801
842 920
563 842
762 563
866 801
582 866
714 582
37 563
669 37
667 866
739 667
456 344
987 245
618 987
400 618
665 400
499 920
686 26
494 686
202 686
553 686
417 494
24 417
300 417
79 553
134 79
166 134
819 166
52 819
364 52
184 52
311 184
995 311
390 995
91 995
309 300
419 309
4 419
802 4
845 802
161 419
836 161
25 836
607 309
959 417
690 959
394 300
220 25
9 995
112 79
254 112
472 112
763 112
506 763
157 9
159 300
849 690
516 364
734 516
912 734
296 516
477 296
297 477
960 297
511 297
171 959
518 494
583 518
230 518
411 230
718 230
863 230
366 863
542 863
141 542
144 863
572 144
527 141
13 411
438 13
151 13
271 151
721 271
622 721
201 721
905 201
291 905
605 721
386 300
933 386
206 933
36 933
723 36
603 206
341 603
720 341
266 933
853 141
839 605
951 300
593 951
817 593
505 593
808 723
96 808
691 808
338 691
212 691
253 338
402 253
678 402
241 253
589 253
282 589
941 241
281 282
163 241
239 941
82 239
422 163
287 338
918 287
515 287
772 515
314 515
746 589
153 82
750 314
653 338
238 912
513 238
247 513
458 513
273 82
57 273
234 273
676 273
316 273
798 676
890 316
63 316
767 63
22 767
562 767
327 767
424 234
138 676
584 57
497 584
619 584
811 619
785 811
465 785
148 811
616 148
90 619
142 619
699 142
727 22
433 562
765 234
350 765
67 765
358 765
595 358
604 358
712 424
275 712
661 275
72 661
988 661
940 988
704 988
851 940
116 851
6 851
934 6
815 940
42 6
190 42
446 42
349 704
977 116
174 275
54 712
650 22
434 650
828 772
671 661
701 762
826 701
645 142
880 645
385 880
966 494
304 553
354 251
149 521
937 182
470 937
652 937
319 565
581 319
644 942
439 644
10 354
752 414
703 752
283 840
93 159
450 703
302 808
517 302
858 517
827 858
792 827
175 792
195 792
164 195
33 164
724 175
953 164
898 175
55 898
896 55
615 953
172 33
685 172
700 175
41 700
140 700
169 898
709 169
471 709
388 724
322 388
900 322
191 900
780 191
384 780
136 384
110 191
545 388
449 940
469 449
788 469
23 469
85 449
569 85
80 569
768 85
532 469
741 780
906 741
104 741
397 103
602 609
58 602
488 58
547 58
323 547
308 323
360 308
512 360
670 602
107 670
559 107
579 559
722 602
592 360
744 592
412 592
500 592
821 500
305 323
288 308
544 397
540 288
628 789
406 579
77 406
916 406
369 916
267 371
480 500
39 480
476 700
636 476
778 753
844 778
799 444
620 799
373 799
674 373
292 674
800 674
463 797
401 467
489 401
124 333
908 975
246 717
536 246
490 536
931 490
728 931
530 931
947 298
483 494
361 387
897 665
150 400
342 150
930 342
695 342
395 930
755 342
672 74
179 672
231 179
126 672
625 438
751 959
847 751
28 847
203 28
503 203
232 751
324 232
893 232
425 324
261 425
663 893
904 503
823 904
873 823
989 904
926 989
423 844
139 553
757 139
833 581
270 833
843 270
109 843
794 843
379 109
408 379
601 794
188 714
46 104
71 26
742 973
429 742
696 188
935 696
869 935
679 869
274 429
735 309
325 258
783 325
629 783
830 325
249 783
100 629
950 100
707 325
337 325
621 371
95 621
639 337
846 639
468 846
119 468
891 468
204 926
211 204
759 288
225 759
459 896
125 459
396 319
927 544
392 828
389 755
774 389
958 774
683 21
32 316
88 32
588 32
2 588
205 2
435 88
426 435
97 264
209 516
491 401
510 851
62 752
915 530
870 915
889 870
335 190
321 335
779 335
16 779
543 16
8 321
903 8
585 418
626 174
114 915
508 114
276 114
640 276
745 640
961 745
546 360
343 344
983 343
925 343
34 379
346 527
272 151
420 918
894 581
917 894
299 894
227 894
372 459
133 372
787 801
445 434
94 445
883 94
105 686
81 136
92 81
862 81
549 862
223 494
834 223
776 834
519 776
560 332
957 596
985 620
252 249
147 79
502 147
370 502
631 370
967 502
313 541
451 313
479 742
217 479
555 746
824 555
524 704
793 451
368 744
610 722
857 610
496 857
675 857
403 579
73 675
627 23
208 509
835 866
523 463
168 523
213 168
51 213
307 523
805 32
871 666
436 666
879 212
473 879
956 114
820 593
243 251
260 243
257 260
215 862
895 449
932 497
504 348
290 819
64 290
576 64
280 793
715 280
702 273
991 403
566 991
315 566
943 315
326 943
187 326
649 18
726 673
761 995
376 95
193 376
507 376
339 627
121 339
748 339
813 748
99 813
405 813
328 405
921 328
447 921
944 339
535 944
70 535
237 944
486 70
137 813
911 328
538 911
551 486
123 345
786 124
803 797
887 803
984 318
913 984
850 613
222 850
825 222
464 193
437 174
865 437
591 437
990 591
440 808
874 25
113 874
766 874
694 766
938 267
952 440
946 952
244 411
170 231
393 620
972 371
50 393
550 861
317 327
567 898
831 567
598 942
608 475
17 608
970 932
53 700
221 296
529 221
641 417
919 641
556 641
197 562
716 197
841 425
357 264
740 422
980 774
743 214
11 743
760 833
570 369
493 589
407 236
399 755
838 54
186 841
268 572
964 103
330 911
949 697
228 401
655 244
907 655
860 907
381 655
945 860
224 945
240 989
647 240
484 399
638 563
460 638
979 460
781 979
131 722
754 131
320 21
5 164
377 5
606 305
367 606
416 606
61 399
31 61
44 644
196 44
939 196
965 939
738 667
590 965
632 292
263 453
976 263
122 976
185 919
689 185
382 397
428 130
708 428
421 755
706 421
878 387
269 50
69 269
301 269
226 605
374 716
963 374
814 963
705 963
0 50
65 0
278 419
688 761
295 83
623 569
265 443
777 192
782 16
885 899
575 820
680 575
132 575
528 575
771 680
68 421
971 475
59 215
795 33
398 803
47 142
89 47
677 589
180 677
784 180
617 645
160 607
643 842
682 681
955 682
355 934
432 682
719 660
662 650
306 662
658 327
329 24
404 469
383 113
635 383
756 635
806 635
431 59
978 431
574 165
775 516
375 672
747 375
594 253
852 160
764 838
127 764
586 94
146 636
362 640
770 230
962 321
115 962
199 962
773 425
216 245
807 52
855 639
557 36
810 557
651 62
284 882
145 545
642 145
19 400
255 776
526 227
612 145
580 457
256 295
198 462
520 198
336 583
111 742
45 567
832 321
129 382
485 853
391 523
587 393
76 557
378 22
310 990
769 136
156 769
359 156
152 359
848 379
487 388
248 933
634 727
922 720
648 860
353 106
888 863
340 774
492 605
380 809
982 498
929 269
692 281
872 310
181 476
117 341
877 845
430 212
533 430
854 980
108 257
474 576
427 272
102 81
143 386
413 533
49 704
730 700
997 206
791 787
968 791
514 163
875 569
363 153
736 452
561 880
259 337
173 453
219 173
859 642
441 325
229 431
749 16
573 609
101 156
657 101
158 565
351 500
732 65
571 69
128 819
86 576
233 57
733 711
262 743
816 189
856 707
969 844
986 902
693 401
710 393
29 69
356 259
614 447
84 614
731 776
15 902
924 6
659 310
30 82
334 726
466 334
998 47
829 383
448 56
194 24
910 565
87 953
578 290
923 117
818 55
522 628
