-98925.2 (peso da AGM)
519 441
460 519
29 460
826 29
249 826
907 826
648 519
279 648
409 279
517 409
48 517
554 648
289 519
617 289
989 617
63 249
97 63
780 97
127 97
417 127
912 417
34 417
901 912
623 901
679 623
241 679
239 241
713 679
50 29
214 50
80 713
137 80
479 137
727 137
422 727
611 422
254 479
167 780
98 279
303 623
367 303
856 303
281 303
823 281
494 367
100 727
884 100
503 884
221 503
397 884
717 397
927 717
669 927
734 397
394 669
151 394
710 151
87 669
171 87
877 397
297 927
742 297
228 50
191 228
909 228
715 909
144 715
975 144
646 975
718 144
878 718
588 878
262 588
556 262
103 556
222 103
283 718
226 646
515 226
174 283
215 103
349 297
102 349
855 281
451 855
863 855
427 863
980 427
930 427
677 980
511 863
529 677
929 427
788 929
109 929
723 109
631 511
234 788
185 394
580 215
166 580
39 127
810 930
204 367
404 221
207 810
782 207
842 927
180 127
638 180
799 180
853 799
711 799
314 180
476 314
71 476
53 71
498 53
330 476
440 330
707 330
389 314
658 389
743 658
987 743
485 743
827 389
746 485
235 987
115 235
339 115
967 339
407 476
374 987
961 374
708 961
832 374
918 717
882 918
448 918
128 882
714 882
522 128
243 522
7 522
509 222
311 853
861 311
302 311
537 311
589 537
766 302
801 311
785 801
825 801
775 589
692 878
642 710
557 642
644 34
348 644
643 348
75 643
995 643
162 995
949 995
954 162
406 995
550 406
70 550
670 70
634 670
881 634
149 881
90 149
362 881
616 149
577 616
791 149
690 616
731 690
911 731
903 911
750 911
938 750
419 750
9 938
385 9
157 419
972 903
395 972
163 419
655 395
680 406
765 283
534 655
140 404
260 140
463 140
709 214
58 709
846 58
913 846
160 846
387 160
526 913
178 511
691 826
76 691
493 395
847 191
992 847
236 847
505 236
5 505
44 505
294 505
62 294
747 294
772 747
749 772
639 294
553 639
914 62
475 39
716 475
85 716
193 236
653 193
820 294
795 820
622 795
819 820
111 653
354 820
812 171
438 812
408 438
291 408
778 884
760 778
25 760
132 25
114 778
748 778
818 748
54 818
879 818
466 54
893 70
436 881
328 893
411 185
700 411
384 411
59 384
831 384
67 831
393 384
698 67
896 59
334 393
906 812
867 832
88 901
399 448
767 909
922 767
227 922
722 102
549 283
91 549
824 589
844 824
702 844
312 844
599 312
316 312
953 316
8 226
771 8
319 25
276 319
309 742
315 734
686 440
429 132
544 429
265 544
38 315
379 38
295 379
452 379
211 452
704 503
540 704
61 540
872 61
321 872
895 321
668 321
176 222
258 404
131 975
370 131
133 71
738 254
437 29
955 437
401 437
601 401
161 955
870 161
414 161
359 414
363 870
52 714
533 52
418 711
26 418
459 704
431 87
12 907
777 12
528 777
198 379
305 198
900 914
49 157
292 49
841 292
177 580
768 872
721 498
449 721
923 929
574 923
474 923
470 474
119 644
490 119
104 490
784 490
287 784
125 348
607 893
561 490
420 561
155 420
310 155
600 359
153 111
993 698
759 993
866 759
597 759
524 759
506 866
141 506
614 524
514 614
284 614
138 284
620 260
136 620
977 71
683 977
182 683
797 977
685 797
209 685
662 797
982 797
37 540
539 37
615 539
304 615
682 304
331 316
552 539
299 438
134 686
610 134
806 610
183 610
336 134
635 610
712 806
480 183
781 480
245 336
375 245
329 245
940 329
351 940
902 351
261 902
19 261
22 329
637 537
654 171
35 954
555 867
758 534
730 758
752 12
95 752
663 75
94 663
592 311
603 592
298 663
996 163
960 996
273 960
465 996
278 465
142 278
69 142
586 996
681 586
838 273
813 87
751 784
998 151
6 998
484 6
47 6
849 47
898 261
159 898
950 159
926 950
203 926
282 203
83 159
885 282
857 203
839 857
458 83
84 458
150 84
338 84
741 338
1 898
705 84
173 741
450 173
400 450
858 950
905 228
763 858
999 549
835 742
492 835
478 492
416 835
175 416
108 175
562 416
14 108
135 175
892 135
941 135
461 108
482 747
958 482
2 482
188 2
301 188
845 108
694 845
169 478
487 203
883 487
899 522
673 899
256 734
527 256
508 75
583 508
571 583
360 571
970 360
632 970
536 632
32 970
252 360
604 632
645 583
756 32
988 756
15 756
165 861
915 165
346 915
421 69
572 62
917 572
619 917
89 619
803 89
809 89
605 803
578 917
538 654
657 538
633 538
830 538
851 538
251 851
126 251
703 349
358 459
829 358
60 358
313 60
650 599
208 348
322 670
665 39
545 665
216 665
740 878
280 740
190 663
720 655
888 480
659 108
357 619
206 354
105 514
687 357
656 157
886 656
664 490
609 664
383 609
790 383
976 609
244 777
612 244
368 244
179 368
678 612
973 487
489 589
794 489
181 794
994 437
559 721
495 38
196 495
978 196
423 140
307 351
57 307
36 614
608 36
117 608
68 429
288 68
525 409
123 525
43 525
3 43
229 3
355 229
582 355
81 3
531 81
543 582
860 543
969 824
263 243
871 299
164 746
921 164
729 778
269 729
145 729
344 145
873 269
238 145
951 873
353 238
916 353
17 951
874 17
924 874
652 269
651 924
439 651
110 439
693 387
864 693
862 767
121 862
445 121
833 121
86 445
910 631
101 3
891 517
434 171
10 434
212 10
11 451
675 153
333 677
192 304
350 192
268 958
984 268
981 268
218 984
935 981
570 935
200 570
593 200
443 200
468 443
317 200
701 317
230 861
821 825
985 821
920 821
761 920
455 985
491 821
641 985
237 349
640 237
364 196
919 364
376 364
73 376
392 376
745 237
630 745
152 630
78 630
31 78
96 179
433 94
828 433
250 797
591 250
432 162
966 166
253 109
757 432
964 757
587 964
285 592
590 785
483 590
629 720
425 629
595 315
848 135
594 857
271 132
158 271
462 158
636 462
320 237
596 208
739 615
290 739
699 290
560 34
456 495
325 679
647 104
585 833
361 167
274 361
744 361
365 597
66 365
684 66
956 684
380 684
733 380
4 733
625 684
65 349
787 65
840 787
93 163
107 65
512 333
737 921
424 7
894 152
735 894
296 735
822 487
21 822
979 656
205 979
697 205
442 135
391 697
618 391
568 882
147 568
154 740
875 154
952 875
804 154
779 282
908 193
335 908
172 958
496 136
501 278
507 501
293 501
706 501
963 389
156 963
352 501
201 352
584 201
696 352
510 358
225 359
535 225
674 856
518 973
146 518
661 518
792 518
676 697
82 676
232 146
624 232
255 624
27 255
326 624
113 27
124 232
390 113
499 124
472 499
259 326
666 259
275 124
736 747
74 89
186 720
23 746
426 978
46 426
0 515
345 921
965 317
266 965
77 266
122 84
808 122
897 612
613 623
18 919
457 29
398 457
783 398
688 777
859 885
195 637
447 227
341 447
430 341
197 196
286 197
774 197
724 197
755 829
986 426
477 669
548 618
565 950
628 34
667 628
968 667
213 62
42 838
79 765
428 79
373 428
116 428
887 428
41 116
246 373
649 505
719 901
598 313
20 955
627 665
770 627
726 642
815 39
231 534
337 662
547 337
626 337
520 337
488 626
378 555
551 712
521 687
811 894
413 894
56 413
869 651
184 577
257 976
621 257
868 621
945 571
210 97
850 47
220 734
948 587
446 228
962 132
991 109
732 830
224 864
939 224
233 939
789 233
464 224
852 860
837 463
372 837
500 749
762 987
118 195
800 331
471 428
563 22
573 563
671 520
997 373
403 395
481 427
33 334
318 314
546 80
148 908
660 949
541 312
805 541
24 359
695 24
99 869
324 124
928 324
45 324
904 324
40 632
497 27
486 96
219 926
264 219
793 486
931 793
187 931
28 662
308 624
202 510
773 703
16 296
817 418
327 222
342 327
435 327
957 435
802 948
415 802
242 553
807 655
347 675
277 414
890 779
798 890
272 144
814 643
581 322
542 284
340 605
106 304
332 243
473 556
567 752
569 362
725 395
566 45
764 84
889 935
386 418
405 466
836 685
139 401
112 79
854 550
689 854
834 287
843 834
880 572
371 961
516 554
575 717
469 433
194 193
248 917
168 709
453 794
959 807
64 969
444 64
944 444
306 633
223 694
366 510
936 366
728 936
356 728
796 764
130 807
300 153
672 300
925 672
270 346
381 423
189 727
120 189
467 742
602 963
92 821
377 92
396 59
504 396
865 389
129 237
983 777
199 633
942 735
576 1
530 686
502 530
558 712
382 558
947 382
932 309
606 233
247 636
786 348
412 431
946 305
933 627
943 658
937 943
143 746
343 504
523 457
51 216
369 518
876 369
564 839
402 420
532 402
934 374
754 199
974 754
769 636
72 717
267 180
170 635
217 467
513 724
776 728
410 589
753 335
388 293
971 945
579 740
454 559
990 94
55 383
240 257
816 264
323 815
13 458
30 798
