-98907.5 (peso da AGM)
217 865
71 217
57 865
726 71
692 865
585 57
813 585
463 217
993 463
578 813
163 726
151 163
839 151
532 839
528 839
723 528
857 585
368 839
779 726
754 779
140 754
657 779
229 657
634 229
814 634
380 814
694 368
749 151
15 813
393 140
628 393
852 393
205 628
964 205
355 964
228 355
283 228
684 726
443 684
88 443
909 88
776 909
22 776
109 22
360 909
462 360
495 109
42 462
926 360
582 42
436 909
682 495
55 682
455 55
305 455
778 305
698 42
418 22
916 418
341 916
511 916
242 511
555 242
631 341
967 55
51 967
117 51
392 117
438 964
139 438
553 71
601 57
842 601
162 842
258 162
612 258
944 162
869 258
397 438
892 397
685 397
116 685
193 116
145 892
115 397
29 115
780 29
374 29
187 374
94 187
70 374
504 70
572 504
53 504
920 504
790 920
836 790
654 836
904 654
918 920
704 918
456 918
159 456
226 704
951 159
854 951
335 854
502 456
316 335
275 316
237 790
867 275
3 867
646 867
658 646
101 456
678 101
307 678
791 275
216 791
32 307
817 32
757 32
95 3
100 95
868 646
687 868
416 868
783 687
201 783
796 783
20 201
110 20
705 783
412 705
194 32
47 29
503 94
59 159
317 817
569 47
366 456
656 678
106 656
224 106
527 656
391 224
683 391
447 683
802 100
961 456
489 961
949 489
788 397
449 788
10 788
522 449
829 10
752 829
792 752
130 792
381 130
481 829
927 752
712 481
83 829
521 83
655 521
662 927
468 662
363 662
826 468
370 468
595 370
351 521
202 351
323 351
209 202
946 927
820 946
92 820
895 323
700 752
423 712
598 521
837 323
105 752
753 105
707 753
808 598
827 808
727 827
373 827
129 373
402 727
240 129
523 240
46 240
146 402
268 129
743 129
220 268
434 268
346 434
91 434
593 91
147 593
518 593
482 346
513 482
141 513
362 513
878 362
365 141
917 365
244 917
191 141
448 191
239 593
309 239
545 239
85 545
375 85
664 365
458 482
426 434
218 191
987 482
706 987
697 146
167 513
652 240
941 652
715 220
332 715
524 332
970 524
296 332
825 296
786 664
931 715
896 83
737 896
425 737
334 46
54 334
31 239
602 31
477 602
883 31
973 244
243 54
399 243
717 399
299 917
270 896
674 365
457 674
168 674
624 381
512 449
740 927
460 402
785 220
52 785
887 785
673 785
908 904
233 908
267 233
794 267
547 794
632 547
281 267
833 632
606 281
914 32
800 785
271 334
63 271
950 271
983 106
104 983
859 460
164 859
56 859
589 646
803 961
276 130
610 803
806 656
407 610
661 407
303 407
986 303
830 986
841 830
266 841
345 841
669 345
607 669
556 607
663 556
819 663
923 868
995 94
225 661
304 225
616 607
812 607
526 812
922 526
542 922
823 542
551 526
261 551
853 261
930 853
306 823
403 306
531 527
235 531
550 235
144 147
41 632
596 335
219 802
675 987
310 335
960 987
711 381
724 115
976 724
928 365
66 928
739 66
587 704
633 922
799 826
824 951
577 949
956 577
619 956
272 956
453 646
60 757
744 60
588 973
529 588
574 272
18 574
952 619
149 952
769 149
349 219
21 349
695 349
4 21
763 4
246 4
452 695
902 452
680 763
76 680
445 349
888 4
371 888
6 371
398 6
470 6
249 6
254 470
564 398
169 564
376 564
150 376
546 254
465 21
135 4
563 254
322 6
132 4
667 470
388 667
647 132
127 465
897 127
843 897
74 897
605 74
295 605
89 295
677 89
487 836
592 487
770 592
327 151
804 327
747 402
174 770
955 174
324 955
377 174
245 955
623 245
215 324
99 623
471 377
493 324
319 493
905 319
238 324
703 238
278 238
251 278
9 238
538 9
342 538
728 342
907 703
429 907
86 429
699 429
286 728
40 286
195 286
642 195
514 623
541 955
962 699
653 962
231 653
880 653
915 880
437 915
937 437
939 437
395 939
158 937
102 158
594 102
828 594
760 102
179 760
329 939
584 329
340 329
87 939
330 395
795 330
838 795
720 838
23 720
82 179
33 342
500 231
172 500
575 99
730 575
591 172
173 575
161 173
510 161
138 510
609 510
933 609
385 933
331 385
520 331
560 520
759 933
953 933
97 560
126 97
751 97
580 751
357 751
686 357
13 686
255 13
248 13
816 248
959 357
451 524
301 451
710 301
873 710
622 451
681 622
690 681
16 690
793 622
505 793
253 690
247 505
913 247
581 913
411 581
383 100
549 383
990 383
981 383
718 549
153 682
847 411
534 13
992 534
199 992
876 199
384 876
154 384
617 992
643 617
196 908
845 196
389 196
325 389
985 389
732 389
994 686
977 994
846 977
58 248
184 955
982 184
945 982
781 945
359 781
176 174
910 301
417 529
943 616
241 547
660 241
166 660
49 166
111 692
638 838
414 520
446 205
424 446
709 437
741 249
302 741
119 741
886 119
934 166
137 930
291 137
432 291
337 432
361 337
257 310
540 634
947 248
285 529
464 285
156 464
539 392
734 922
554 734
204 554
311 734
691 365
701 266
474 306
557 474
67 557
222 67
938 816
963 283
679 963
353 930
84 353
81 84
27 81
428 81
696 81
406 696
441 406
122 696
558 406
561 696
65 172
62 691
300 62
900 65
765 915
7 845
394 817
401 47
506 401
644 401
290 644
999 248
450 489
11 450
26 11
405 11
171 405
810 171
165 405
420 335
748 420
525 748
61 525
543 525
358 420
890 140
277 890
719 277
996 719
160 996
969 634
208 360
965 701
834 965
469 744
899 794
197 899
784 899
45 197
925 899
400 925
797 45
822 797
427 925
494 427
620 494
480 620
333 45
912 333
872 117
297 872
516 685
348 9
874 348
80 794
671 80
78 49
764 78
1 764
79 1
626 79
499 626
274 626
96 626
490 96
659 490
372 31
93 393
170 93
891 170
636 170
979 636
777 979
738 165
862 738
213 219
0 92
259 317
185 385
143 130
579 235
789 784
178 226
858 743
535 858
17 535
772 535
466 327
236 701
35 686
758 617
716 758
313 521
112 691
367 633
354 367
125 367
90 125
870 125
889 870
39 870
559 889
312 559
573 125
767 573
293 889
501 443
287 999
954 287
250 954
882 825
338 558
496 338
344 172
722 344
472 722
645 722
919 645
693 919
36 919
124 36
958 194
404 303
731 673
766 800
708 607
811 708
515 811
641 811
369 641
849 563
25 678
875 302
651 693
629 977
24 143
978 578
775 908
183 775
387 631
968 705
980 546
211 980
851 211
206 851
879 206
292 206
885 292
714 206
844 292
73 591
315 73
252 36
929 252
568 252
533 568
364 337
903 286
289 903
807 903
279 289
120 807
12 807
831 12
48 831
630 171
689 630
688 630
590 231
473 920
997 951
721 888
984 721
608 193
350 608
221 350
180 221
855 180
611 350
152 695
536 374
439 536
431 611
98 616
648 98
742 29
347 87
444 468
262 407
635 171
282 164
877 282
488 899
415 748
433 95
773 525
50 689
998 383
736 885
232 705
284 855
113 299
966 643
491 46
212 981
565 993
114 565
288 16
72 288
603 905
75 973
128 978
157 101
762 157
396 762
562 396
639 862
640 639
649 426
298 199
932 298
256 649
725 844
320 725
459 620
430 608
413 229
103 9
665 103
860 812
613 770
182 638
421 182
894 421
326 894
805 58
971 904
567 734
600 567
798 600
8 266
155 799
200 155
461 200
230 1
871 230
133 871
308 208
782 308
583 782
576 782
177 782
755 922
442 244
774 945
30 688
192 191
328 192
294 246
815 371
571 815
621 294
604 621
898 621
475 573
352 437
454 887
484 501
43 24
881 596
936 317
203 936
666 149
223 666
957 666
615 666
570 957
948 666
519 223
988 570
148 988
5 615
44 673
339 4
627 372
942 411
38 938
269 38
856 269
410 856
467 658
336 591
440 744
733 963
713 441
273 713
142 448
108 465
818 776
382 633
586 382
422 586
260 678
972 504
735 972
566 569
787 566
343 246
940 777
492 905
69 783
188 338
181 393
321 939
214 782
409 171
924 856
408 247
832 125
186 832
548 186
107 548
835 482
136 835
486 136
801 168
28 980
537 317
265 431
390 94
840 205
893 661
190 303
911 243
906 911
131 906
378 906
68 213
864 607
121 864
702 864
544 570
264 343
207 810
676 558
517 676
597 676
2 597
750 220
729 714
509 593
530 900
34 847
768 512
210 434
746 916
761 486
552 79
497 946
419 42
280 93
134 280
189 414
625 189
198 590
866 675
614 997
668 912
478 147
123 956
974 877
508 674
479 690
476 479
637 966
386 637
901 692
884 669
379 949
672 288
507 884
175 838
483 965
670 674
77 670
314 445
618 922
921 957
935 361
850 52
234 83
37 34
498 519
14 498
991 774
975 152
989 975
745 876
863 285
756 247
485 427
821 389
318 657
599 26
64 680
356 270
848 727
227 748
809 585
861 457
771 359
263 64
650 876
19 545
118 276
435 303
