-98911 (peso da AGM)
829 689
1 689
873 1
732 689
913 732
561 913
578 561
608 561
713 608
998 713
304 998
391 304
712 391
744 712
749 391
547 304
646 561
262 304
634 262
995 262
362 995
236 578
963 236
140 963
641 963
759 641
132 759
934 140
178 934
404 749
138 404
581 138
755 138
719 138
843 404
71 138
282 404
314 282
756 314
488 756
746 282
139 746
940 746
476 940
10 476
655 10
727 476
541 727
210 727
37 210
594 37
338 210
423 210
854 338
303 854
685 854
531 685
370 531
516 541
728 370
933 516
336 933
762 336
898 933
88 898
30 727
167 30
407 933
23 139
328 23
929 23
451 929
718 929
681 328
961 681
116 961
390 370
800 210
983 800
413 800
872 800
613 413
975 983
126 413
679 126
361 679
739 679
536 739
44 739
751 679
846 751
701 846
22 536
796 22
993 796
585 751
555 23
600 555
107 800
640 107
372 107
707 372
827 372
7 827
922 7
988 372
841 988
289 841
626 7
783 626
386 107
799 372
431 626
129 536
592 841
597 167
629 597
523 629
537 167
161 129
565 537
487 565
821 565
199 821
874 487
858 874
43 487
844 597
773 844
965 773
899 965
196 899
257 196
684 196
486 684
350 899
383 629
642 383
814 30
230 933
540 199
558 540
831 558
308 314
281 308
320 281
631 320
757 631
465 631
670 320
20 465
495 20
268 495
50 268
972 50
469 50
200 972
312 178
533 312
722 533
812 533
75 972
760 75
49 760
8 75
835 75
253 835
395 49
213 253
399 49
952 399
345 37
323 345
480 323
577 323
464 345
517 577
118 762
866 118
927 866
808 866
645 118
279 645
697 645
891 927
828 631
501 828
500 501
221 828
785 308
222 631
438 222
674 222
472 222
896 236
115 929
777 585
921 222
131 132
918 646
104 565
56 88
883 995
962 88
473 962
994 536
735 994
611 735
605 611
53 473
192 53
295 192
223 53
252 7
392 963
893 994
419 893
563 419
886 563
607 814
16 712
136 854
582 607
941 582
791 941
58 791
173 58
354 58
267 941
892 267
901 892
692 901
434 692
596 434
197 596
627 197
84 627
86 197
492 86
124 492
852 124
214 692
462 214
805 791
461 852
521 461
143 461
633 143
266 892
564 266
775 564
622 775
599 941
422 599
947 422
625 422
967 422
229 967
525 354
415 892
499 415
184 775
334 184
999 422
457 266
546 267
28 546
485 546
787 622
510 947
437 510
680 510
601 680
63 601
964 63
623 592
169 345
653 169
720 653
663 653
254 663
580 254
535 254
804 254
310 535
348 580
313 348
72 653
394 72
176 697
539 176
195 539
659 195
366 564
742 537
708 634
149 366
170 755
490 170
545 170
494 545
703 490
740 703
830 740
588 490
979 588
667 830
427 667
715 927
17 715
435 17
682 17
845 682
66 682
771 845
483 66
382 771
401 382
142 382
397 142
99 397
724 401
258 397
836 419
80 703
163 80
57 163
562 57
986 80
175 986
424 354
880 640
409 438
810 599
452 927
337 452
981 84
973 221
227 973
103 227
246 103
317 973
860 317
637 103
676 637
660 676
514 637
589 660
725 589
503 390
754 317
135 754
448 754
665 246
586 23
35 253
51 35
191 51
630 655
904 630
148 904
130 630
97 130
790 97
693 790
460 97
341 693
908 341
736 719
301 736
463 736
752 301
928 752
576 922
672 886
534 670
208 534
359 370
13 359
906 13
781 13
819 781
917 781
321 917
466 80
85 466
668 906
890 975
834 594
326 404
879 488
932 326
358 514
504 358
887 504
73 504
315 932
839 66
182 295
411 182
89 411
721 411
942 383
471 485
478 130
26 17
524 26
946 26
654 946
970 26
357 654
102 760
811 102
269 811
347 269
305 347
912 305
842 269
935 313
212 935
235 212
506 235
168 506
569 235
837 569
711 935
286 711
356 286
218 962
417 218
385 218
519 417
730 218
977 218
733 977
657 733
936 657
123 600
591 123
992 843
554 992
373 506
792 313
109 792
217 109
201 992
38 201
194 38
277 38
302 277
991 302
738 991
470 738
573 470
90 470
64 573
683 738
458 64
403 991
474 738
94 683
164 917
628 64
669 317
441 742
189 227
69 952
650 315
393 30
316 393
329 393
832 329
987 329
579 987
583 832
949 583
714 949
616 329
21 832
849 21
48 832
789 949
475 616
260 329
850 260
340 850
180 987
400 435
848 303
421 373
768 421
405 421
292 421
803 359
429 803
98 429
151 98
226 98
798 151
544 151
78 544
299 226
797 356
264 797
610 264
772 965
155 772
984 486
590 139
41 590
244 637
838 244
877 838
82 877
824 218
377 824
497 305
369 497
484 369
498 824
251 498
559 498
231 251
52 559
493 231
990 231
734 52
31 438
825 31
871 825
656 871
193 871
158 697
239 158
91 239
764 239
19 764
25 764
332 25
113 25
186 113
93 113
556 93
702 113
248 702
278 248
944 278
698 944
691 944
121 691
953 698
159 944
318 278
36 223
311 36
265 311
675 265
65 49
206 65
256 392
491 256
723 928
330 723
271 531
770 52
60 158
108 254
68 395
603 72
780 800
324 780
919 397
530 919
985 530
518 10
42 732
855 42
410 855
853 855
215 206
15 487
876 400
753 876
133 753
924 133
960 924
529 842
224 839
931 838
456 8
911 253
232 31
937 898
948 713
319 754
968 319
696 968
420 600
238 420
969 194
907 777
14 251
958 14
114 958
784 523
433 784
709 433
747 784
914 433
384 914
171 914
867 914
861 709
228 433
507 987
795 747
649 795
291 384
100 228
468 100
532 468
606 911
245 606
729 245
147 968
706 147
638 114
297 25
381 41
647 381
528 647
430 708
875 430
342 693
694 929
402 694
34 402
595 34
211 34
87 34
346 34
111 346
387 301
557 830
717 28
644 990
225 644
379 225
219 717
526 219
378 526
566 526
765 348
745 417
187 519
609 187
859 187
439 859
2 498
863 390
763 887
156 763
276 156
974 276
802 156
349 156
690 349
364 64
446 224
216 446
549 830
150 549
903 789
408 903
950 408
826 408
233 719
643 623
376 643
454 643
511 71
61 626
552 109
671 552
263 671
661 263
442 668
270 960
274 270
509 274
614 494
776 614
284 25
9 284
293 284
127 901
259 487
272 259
33 259
146 328
686 146
615 146
445 615
568 272
959 568
92 405
704 109
951 704
743 998
677 507
367 677
779 677
250 779
447 677
584 447
731 584
153 677
45 330
604 410
878 262
261 200
889 552
939 600
275 964
12 275
428 246
847 428
793 270
459 149
249 913
482 780
864 765
240 531
869 240
542 795
782 542
32 441
612 670
294 612
538 963
618 899
673 618
769 618
188 782
152 188
76 188
527 974
81 20
817 81
325 517
664 504
27 664
989 57
954 989
571 63
902 224
137 595
425 137
203 645
687 203
190 146
489 846
996 489
122 494
794 521
380 794
520 808
288 132
209 288
930 753
6 108
412 6
144 447
905 837
543 905
185 936
748 768
351 124
242 351
652 568
306 652
440 306
70 440
938 465
247 717
96 495
923 96
54 792
388 54
971 388
165 54
857 14
856 734
900 488
374 583
368 374
508 808
915 265
619 915
885 747
980 885
945 980
255 760
339 463
648 339
851 606
910 214
602 482
551 484
788 328
894 379
106 708
840 57
237 326
29 336
119 817
560 933
976 471
331 616
956 935
868 952
574 395
205 747
179 743
3 415
432 3
77 50
658 889
207 388
62 840
181 111
396 181
481 396
375 468
220 279
705 57
700 524
363 793
47 103
204 981
716 924
870 240
234 558
598 234
774 598
343 234
957 864
617 957
816 957
39 32
198 369
273 545
624 139
125 385
815 700
134 205
333 830
46 43
695 336
371 755
74 371
141 315
467 141
55 467
416 524
309 954
183 538
496 179
172 687
639 589
283 277
678 43
4 732
636 796
360 491
365 473
737 814
154 737
662 154
688 919
120 745
801 427
572 235
443 3
67 922
83 541
620 581
444 434
888 805
177 760
287 177
575 287
741 28
290 741
710 290
865 710
809 710
389 167
174 691
105 236
285 105
145 39
758 145
750 758
322 793
110 184
160 110
806 160
943 959
897 290
553 530
406 591
884 427
666 393
778 883
414 692
426 29
632 399
18 154
162 18
515 551
79 75
548 348
997 145
479 294
882 479
925 711
300 131
820 300
101 820
818 994
512 491
344 545
307 819
24 206
202 24
59 111
436 59
513 447
813 599
699 562
926 858
280 383
920 562
455 271
296 455
982 296
477 296
449 345
241 722
955 602
40 322
767 704
651 767
766 762
166 180
761 286
5 24
398 834
567 299
966 853
862 476
726 862
786 802
833 279
128 232
587 104
112 699
822 826
550 749
505 693
909 762
355 678
635 575
327 869
807 667
157 724
95 873
11 824
0 682
570 728
453 269
621 216
243 344
895 677
450 231
502 1
978 173
418 932
352 577
522 855
823 322
298 809
353 53
593 554
916 585
881 774
335 769
117 713
