-98941.5 (peso da AGM)
314 444
946 314
247 946
575 247
404 575
994 404
136 575
246 136
423 136
856 136
75 423
833 246
30 246
682 404
774 682
71 774
587 71
421 774
511 314
899 511
481 511
174 71
643 174
864 643
113 864
456 864
566 113
425 566
74 456
155 74
221 155
903 155
265 903
719 903
305 719
10 265
898 719
963 898
735 898
99 735
707 963
37 99
565 113
959 10
139 735
836 139
683 139
501 864
943 963
528 575
188 528
771 174
638 771
142 565
164 142
245 142
417 245
177 417
7 177
883 417
152 444
720 245
264 142
34 264
849 264
131 264
243 131
831 243
710 849
659 710
29 131
300 29
48 7
308 48
699 308
571 699
285 571
717 285
733 717
725 699
414 725
126 414
611 126
842 265
491 842
684 491
54 501
319 54
574 319
348 574
19 348
347 54
875 54
357 875
376 347
416 376
869 54
949 869
872 246
453 872
524 376
905 524
957 905
341 957
854 957
270 341
603 864
891 347
397 319
995 831
333 995
120 333
744 120
661 733
160 245
753 160
381 753
92 753
681 92
436 681
832 92
31 832
138 92
458 138
85 753
737 85
930 85
763 930
518 763
98 763
64 518
258 64
184 737
657 184
797 657
450 797
947 657
259 947
975 259
144 975
525 259
267 525
79 525
593 79
510 450
345 510
862 510
198 862
724 198
412 198
879 724
853 724
795 593
635 795
673 525
387 862
964 387
691 964
787 691
921 964
592 787
344 387
185 964
796 185
399 412
939 796
115 947
965 115
4 965
768 4
340 768
463 340
189 463
743 189
127 115
323 127
94 768
260 94
790 260
124 260
370 124
938 370
0 938
377 124
754 0
727 754
295 115
803 260
665 803
205 185
536 939
580 370
312 124
337 737
835 337
924 835
557 924
393 924
158 557
579 501
175 453
291 797
531 188
847 531
67 531
968 847
756 968
430 968
932 430
81 756
685 81
409 685
971 81
342 971
11 409
823 11
915 823
41 74
880 41
634 41
871 634
203 634
767 203
517 203
193 203
739 517
395 871
621 203
808 787
647 638
77 744
233 880
111 233
839 111
8 839
549 348
86 549
171 549
288 8
362 86
588 362
190 588
310 190
462 310
385 310
608 310
339 608
379 339
826 462
428 826
227 428
383 379
89 383
263 383
692 263
553 692
746 89
361 428
646 263
466 190
398 466
503 466
563 263
650 563
695 339
112 707
827 650
723 827
375 827
486 847
95 74
718 95
623 718
329 718
40 385
129 347
513 129
426 513
747 566
106 312
435 106
589 587
855 589
958 855
76 855
287 855
546 76
616 546
210 546
202 210
834 202
822 834
161 822
662 202
331 662
991 331
858 287
373 202
726 377
537 726
920 726
519 855
382 519
83 319
750 83
840 750
907 750
609 840
354 83
256 354
484 354
128 840
645 138
302 864
576 412
434 576
606 434
876 606
711 189
467 711
598 467
254 598
558 254
26 711
658 558
780 658
327 780
627 26
173 780
489 173
866 711
441 173
386 441
757 386
147 386
22 147
181 22
620 147
200 620
159 200
191 159
360 159
293 147
103 620
977 103
468 293
330 468
123 330
487 123
24 123
844 123
732 844
706 123
601 706
712 285
391 177
752 712
53 341
447 53
78 447
578 447
388 447
442 53
660 578
332 660
530 332
677 332
870 530
335 870
577 332
590 578
392 94
786 7
471 786
204 471
788 587
813 425
909 0
544 939
986 544
199 986
567 199
46 836
893 544
776 893
187 46
896 187
961 128
715 379
59 64
952 59
985 952
631 985
497 797
459 442
605 823
562 497
599 190
731 599
923 731
461 731
122 461
701 122
226 701
967 226
322 122
445 322
389 445
482 389
974 661
33 128
38 33
21 11
942 797
364 942
44 243
448 185
363 448
762 363
672 946
119 796
845 119
540 726
183 263
648 183
488 648
470 648
16 470
411 16
873 16
765 780
925 765
516 925
811 925
962 811
14 811
807 605
881 807
514 881
108 514
792 108
758 792
885 362
277 885
810 436
769 810
945 810
801 945
748 945
251 810
63 810
494 251
625 251
257 625
602 257
253 602
535 494
209 535
51 510
45 51
830 45
919 830
582 919
798 442
782 264
216 723
61 216
887 685
146 123
206 146
664 146
906 664
545 906
806 191
47 806
282 47
55 282
306 55
690 306
809 67
496 809
433 146
922 376
479 922
334 479
25 334
791 25
6 791
888 334
980 888
431 980
328 431
671 25
18 25
196 18
990 18
446 164
812 446
17 434
20 888
351 20
102 20
374 20
167 102
761 768
137 967
110 189
816 110
859 110
309 21
987 347
910 899
584 987
274 584
276 274
766 584
42 766
492 42
979 293
234 265
229 489
408 229
2 16
996 748
172 362
618 435
225 618
178 225
703 178
406 200
815 406
473 815
897 406
97 406
785 815
57 226
610 57
533 854
378 533
50 378
114 788
555 378
180 555
572 174
993 572
437 993
698 572
269 698
838 698
934 108
760 822
626 575
440 626
600 459
509 600
594 577
201 594
642 594
861 48
527 398
781 527
280 781
268 280
145 518
90 577
438 75
451 438
109 489
384 385
615 384
819 615
495 615
157 384
13 157
429 341
474 354
232 809
101 8
236 584
43 236
420 497
882 987
651 43
900 651
250 658
504 752
457 746
548 451
70 548
667 70
649 70
262 649
154 869
529 154
817 154
318 711
886 905
239 886
281 519
359 535
560 690
140 281
28 140
62 28
884 796
104 236
170 104
799 170
944 382
890 819
804 264
228 804
874 528
424 560
652 183
443 660
149 899
892 149
69 149
843 892
639 843
505 639
941 505
632 533
475 623
927 768
355 927
186 927
678 186
573 678
35 678
9 35
372 678
303 927
622 303
218 573
65 678
992 186
452 766
82 452
401 452
283 401
764 401
325 355
27 325
498 325
936 127
913 936
778 936
100 605
951 41
700 951
490 700
460 700
841 460
669 490
5 669
714 5
824 490
134 824
313 824
931 824
878 313
976 878
449 878
728 313
568 951
132 568
675 824
954 580
502 907
633 944
777 633
194 777
133 194
784 194
507 194
472 319
156 364
908 120
689 69
534 229
630 103
569 652
751 51
713 2
928 64
296 928
641 881
654 669
162 883
72 162
478 72
166 362
105 166
820 835
805 463
419 805
837 280
779 805
217 930
818 791
304 818
465 126
118 788
973 328
405 756
223 405
916 405
56 437
371 56
911 339
153 911
197 911
311 911
500 486
541 500
237 500
219 237
499 888
367 354
800 367
670 669
32 505
96 331
619 209
585 619
697 619
738 697
316 839
125 316
301 339
244 885
653 623
914 189
266 691
596 266
730 266
988 760
317 842
289 317
629 514
848 377
207 725
851 302
770 712
863 142
427 973
561 505
696 619
613 707
455 920
538 675
224 445
407 224
759 677
852 759
307 434
523 307
894 523
926 724
321 926
940 926
583 940
179 65
663 37
336 327
169 336
365 336
741 629
644 833
284 474
704 765
708 223
261 708
52 261
591 52
597 591
857 597
829 857
299 261
904 299
338 299
358 703
522 358
272 522
955 522
860 955
539 955
981 358
902 981
604 902
581 604
709 661
390 307
130 613
772 985
400 301
215 797
755 215
352 585
775 673
366 341
23 366
464 366
734 11
222 488
353 222
480 940
999 259
933 354
73 209
214 323
368 214
271 110
195 271
998 195
617 195
320 617
686 629
912 416
828 912
637 160
231 637
612 247
543 637
520 543
978 310
550 323
656 550
628 726
655 628
607 655
821 51
326 509
889 21
418 754
141 418
249 677
586 908
789 109
39 388
12 39
240 387
729 543
547 330
705 426
676 705
674 705
297 873
413 297
825 62
477 825
956 755
702 956
508 702
595 956
783 595
116 331
997 738
814 997
532 814
273 78
324 273
298 324
929 298
794 237
176 738
439 176
865 752
895 865
380 755
192 161
918 525
989 918
559 289
745 559
248 956
238 248
68 976
680 68
901 198
953 360
151 127
742 151
369 401
315 42
356 202
275 356
182 72
49 31
693 776
60 761
969 919
432 625
36 18
290 530
143 847
213 436
483 213
410 483
469 213
668 469
235 213
292 668
278 861
93 63
687 93
624 687
636 616
551 538
255 874
966 119
485 301
950 485
640 183
542 417
984 909
220 984
716 95
554 903
521 554
740 521
970 886
868 970
350 970
346 524
88 154
1 94
846 136
279 994
506 179
294 406
552 775
614 62
666 614
230 113
402 350
556 473
165 329
850 185
736 850
212 567
91 19
937 596
87 608
15 87
163 786
512 602
917 436
84 405
722 955
570 722
66 696
476 202
415 613
148 67
948 152
515 881
168 53
211 611
286 708
935 558
877 935
721 340
80 238
3 280
982 994
802 883
135 586
972 248
564 23
58 564
343 535
679 696
349 980
493 463
526 447
150 609
241 641
983 241
394 826
242 175
694 668
422 616
208 211
121 691
454 572
117 477
403 938
749 293
867 456
688 699
252 229
960 684
396 43
773 710
793 807
107 126
