-98959.8 (peso da AGM)
676 619
162 619
568 162
760 162
166 568
135 166
212 135
510 212
112 135
725 112
33 112
798 112
67 798
767 67
690 798
791 690
396 33
542 396
864 542
532 396
192 212
647 532
228 647
974 228
153 974
69 974
426 69
479 426
165 479
515 165
967 165
301 967
589 301
703 967
749 515
74 749
921 749
840 921
984 301
976 703
29 976
322 703
748 69
435 153
537 647
461 69
777 461
892 777
357 461
383 777
140 74
430 140
341 228
897 341
874 897
719 874
573 719
209 573
337 209
104 341
713 104
174 341
429 174
194 429
393 194
316 337
941 316
575 941
323 589
273 575
913 273
991 273
942 991
236 991
155 236
654 942
786 654
583 654
86 583
945 583
778 945
764 778
133 778
124 133
602 124
100 602
863 100
608 100
364 863
909 364
420 863
339 100
982 339
683 982
653 602
721 364
183 124
652 364
836 652
82 653
691 836
917 764
348 917
860 348
175 860
395 863
101 364
477 101
610 653
12 864
377 12
988 377
147 988
441 12
599 147
818 599
994 818
72 994
588 818
216 818
414 798
404 175
456 589
255 456
936 192
61 426
30 897
770 936
495 174
237 194
308 237
841 237
868 841
783 868
704 147
773 704
235 704
164 235
536 235
185 690
612 164
642 612
262 456
391 568
280 393
825 280
449 280
901 449
131 449
11 456
846 917
401 846
916 212
167 916
145 167
595 145
326 595
263 33
3 263
129 3
915 129
872 915
601 915
754 601
310 754
159 915
606 159
285 159
869 159
6 606
958 6
355 6
820 355
541 285
919 541
470 601
488 470
282 488
932 282
793 470
847 932
587 488
253 587
313 253
813 587
705 813
98 253
31 98
688 773
403 688
620 688
667 124
758 667
481 758
246 481
199 667
870 758
940 246
80 909
363 80
752 363
710 770
352 98
977 352
222 352
43 719
418 43
292 418
45 292
346 45
724 292
19 836
150 162
539 150
604 539
762 539
625 762
151 625
217 539
507 604
737 539
314 737
928 737
995 928
885 995
717 995
460 717
592 995
640 592
814 885
85 814
618 885
740 618
908 618
543 908
734 592
732 85
473 732
570 908
221 814
856 221
75 640
927 75
680 604
433 680
708 433
931 680
950 931
555 680
248 555
15 248
712 248
837 717
876 837
330 876
852 330
898 852
912 898
25 717
485 734
233 876
415 233
801 415
637 734
819 637
349 819
90 25
296 570
512 296
468 512
946 296
26 468
639 26
132 639
796 132
312 132
918 796
701 796
645 701
629 701
288 796
789 645
214 312
687 796
439 796
232 543
47 232
581 47
444 47
533 232
286 85
844 286
775 732
451 885
685 814
136 314
674 136
480 737
24 480
862 701
469 931
511 469
678 862
914 637
453 136
727 453
499 312
686 499
842 686
309 842
54 842
276 54
447 309
845 447
859 845
992 859
257 845
344 447
508 451
651 508
895 651
176 651
438 176
397 895
287 397
331 287
900 397
496 508
952 496
454 176
706 454
117 706
596 136
781 596
173 781
371 942
121 371
97 121
681 950
564 15
626 564
634 856
910 634
81 634
521 81
779 521
529 779
264 529
939 47
805 939
369 939
208 814
893 620
99 995
809 99
624 99
122 624
558 122
238 558
693 837
849 624
427 849
259 427
64 167
902 64
472 902
7 902
360 472
673 360
530 673
903 624
861 903
925 238
416 925
239 416
883 416
657 925
715 925
141 883
294 952
790 294
271 294
157 271
398 157
616 398
951 271
405 157
855 271
648 157
283 790
127 157
843 313
327 843
560 495
434 560
172 434
896 434
467 896
614 467
491 614
933 491
94 896
487 172
422 704
822 931
980 822
381 822
518 381
795 132
961 481
169 961
261 575
307 479
10 307
411 10
388 307
839 388
633 261
432 633
40 432
218 40
303 218
979 40
270 461
523 601
109 523
385 109
659 385
759 132
525 678
505 525
198 525
334 612
768 312
792 19
423 792
671 423
188 238
776 819
517 776
957 517
799 957
409 776
922 409
48 957
210 48
675 517
266 675
41 776
362 41
96 151
772 96
417 96
332 517
62 332
191 332
771 191
378 771
881 416
531 881
585 124
905 585
963 585
219 963
171 637
753 171
553 753
812 553
635 753
65 753
197 812
808 539
321 808
137 131
877 40
281 54
455 281
107 455
213 281
538 456
741 538
548 592
149 932
143 349
736 939
935 736
144 736
882 144
664 447
643 451
58 643
160 58
347 160
251 347
567 596
42 473
663 701
884 40
279 951
196 279
272 196
158 272
742 196
247 272
302 272
828 302
850 828
494 828
697 494
726 697
744 494
394 744
833 744
562 697
797 562
79 494
407 394
351 407
986 351
4 351
126 4
656 126
835 656
867 393
857 480
359 857
591 359
203 591
170 591
526 203
459 203
436 857
692 170
304 692
465 304
463 692
999 692
646 463
63 999
609 63
317 63
305 463
823 170
890 823
242 890
578 242
891 242
249 317
226 249
88 249
52 88
315 63
997 436
747 633
115 747
245 747
410 213
830 659
484 830
34 484
193 484
714 830
501 34
466 140
978 466
586 466
345 586
623 345
16 623
698 16
412 698
95 698
923 16
594 923
437 623
489 88
493 712
545 337
669 545
119 429
627 143
975 932
424 975
450 424
343 893
325 343
579 412
947 579
139 579
71 395
130 912
328 130
476 328
728 476
677 476
666 495
224 666
92 224
551 363
35 551
148 35
607 656
866 841
215 629
338 675
636 338
780 636
655 636
875 655
894 636
733 939
227 733
375 227
962 227
497 381
559 115
57 525
9 65
938 270
448 938
993 938
670 993
1 272
983 155
386 983
243 589
118 243
18 118
668 386
506 668
576 861
306 282
134 487
56 134
889 56
871 889
342 56
899 871
694 342
949 694
766 871
482 766
471 482
105 482
76 766
765 76
787 765
38 694
827 677
367 827
156 367
826 156
638 826
584 638
679 548
547 679
973 547
613 973
514 613
804 514
987 804
60 804
373 60
563 373
202 679
490 202
761 619
968 912
319 292
593 319
44 385
277 44
83 277
443 44
413 277
959 44
582 413
380 582
960 380
379 380
406 413
534 406
390 534
120 575
763 863
111 763
382 874
707 436
554 707
605 646
661 605
615 605
27 605
51 437
37 51
954 874
161 432
152 97
574 152
206 152
103 938
965 538
258 895
720 453
244 892
250 82
254 206
295 254
354 254
475 354
13 475
513 713
811 513
2 811
985 513
374 985
730 978
964 730
658 964
177 585
179 177
23 179
368 64
190 704
425 852
419 245
178 378
557 178
353 218
597 244
421 927
372 421
955 372
445 372
873 18
834 140
93 834
702 93
924 702
184 445
55 184
865 984
788 924
509 788
723 568
621 257
392 338
969 568
36 969
498 559
186 498
220 51
298 220
807 298
782 298
695 975
32 328
580 32
128 963
590 840
73 339
290 243
577 47
550 577
39 577
275 39
611 602
8 836
300 8
268 715
948 661
641 427
572 641
207 641
503 207
630 207
504 630
660 504
711 504
387 711
722 107
750 608
944 750
755 185
402 755
966 237
524 12
234 460
154 234
211 877
603 211
990 338
644 411
751 363
544 460
970 544
784 970
649 473
650 649
84 681
549 643
729 812
887 908
46 887
682 887
116 46
757 153
745 52
806 745
370 251
709 745
829 787
320 829
739 320
231 320
195 847
853 494
774 607
361 648
106 326
146 106
996 106
225 680
907 570
20 907
366 345
125 896
452 881
785 964
240 119
989 959
311 989
77 989
336 413
440 903
256 345
926 883
617 926
428 617
943 428
929 943
335 617
110 484
457 710
102 457
89 899
446 852
937 645
858 379
886 361
180 48
53 180
502 73
565 502
746 502
458 746
492 458
684 492
376 372
689 376
260 852
324 633
269 191
229 269
731 432
114 731
528 366
408 990
442 432
108 442
848 176
878 848
911 878
817 845
906 550
17 965
486 926
821 486
142 589
561 212
879 919
431 912
478 431
474 159
735 747
91 403
333 91
520 266
358 326
384 358
230 290
854 230
800 64
756 806
400 616
78 905
718 76
803 718
930 328
0 996
483 806
696 483
816 248
14 792
21 303
204 21
22 257
880 642
187 309
200 67
600 156
289 600
738 915
556 601
571 537
665 855
815 477
851 46
462 236
123 973
699 559
350 427
632 927
205 930
293 369
527 498
998 281
516 570
223 862
5 554
241 296
904 27
971 9
972 34
622 658
87 160
934 87
566 87
981 87
399 750
189 262
50 189
59 50
569 599
163 569
389 874
278 389
340 610
356 36
700 911
500 804
794 500
743 444
267 896
552 188
956 938
291 977
66 291
274 291
284 274
168 284
252 176
318 125
70 178
535 213
716 535
832 972
138 71
546 273
831 747
628 797
464 138
28 870
672 28
631 389
920 837
329 920
540 39
888 778
299 383
662 290
519 89
265 690
522 702
182 427
68 182
802 790
297 340
365 793
810 657
824 775
49 917
769 292
598 11
201 883
838 967
181 482
113 553
953 440
