-95183.1 (peso da AGM)
765 440
423 440
898 423
886 898
689 886
577 689
7 440
50 765
728 50
162 50
158 886
29 689
651 29
184 651
731 184
264 184
951 184
135 951
97 951
643 135
276 643
24 276
872 24
598 872
342 598
497 872
626 872
747 598
196 626
664 886
435 24
386 435
516 386
603 516
771 435
785 771
763 785
513 785
578 785
136 785
310 578
862 386
209 603
927 209
726 927
207 726
715 207
802 207
200 802
93 200
454 802
984 200
781 93
915 984
300 781
429 300
16 715
686 207
752 686
280 752
506 280
617 686
549 617
341 549
140 429
105 140
554 140
673 554
452 673
934 452
220 934
111 220
110 140
354 140
518 354
716 934
883 105
592 883
834 110
275 834
801 275
637 834
379 637
552 637
579 637
198 579
15 198
646 15
743 646
831 743
777 831
532 637
794 275
681 794
325 831
656 325
502 656
457 502
241 502
117 241
861 637
324 506
508 97
840 508
553 840
376 840
482 840
447 482
160 482
776 160
442 840
882 686
392 552
296 392
574 296
212 392
213 435
952 213
295 952
56 553
674 794
333 776
458 200
953 458
84 715
2 84
525 84
962 84
630 525
432 962
560 432
921 630
143 84
86 143
172 86
355 651
989 952
895 989
879 386
235 879
696 879
982 879
774 696
393 879
500 982
633 500
231 393
666 633
326 666
42 326
49 326
761 49
593 49
969 593
629 774
723 393
219 49
676 593
814 676
750 231
412 750
924 412
76 750
767 633
403 767
711 767
399 774
422 399
182 231
756 182
327 182
864 295
203 29
760 203
932 760
346 760
270 760
590 56
337 590
638 337
13 590
614 337
640 337
550 640
388 640
809 590
384 809
792 809
644 792
848 644
166 792
190 166
279 792
357 279
954 357
179 954
372 179
107 372
108 107
591 384
818 579
476 818
60 818
411 60
113 411
290 476
910 290
464 818
501 464
566 501
529 910
652 566
358 529
244 895
477 244
705 477
148 705
134 148
247 244
313 134
641 313
426 247
510 426
73 510
766 73
448 247
416 641
509 416
845 705
55 845
263 55
104 263
462 104
31 104
923 31
336 923
922 336
885 462
970 244
542 970
272 542
973 272
202 313
956 766
150 956
788 150
395 788
827 395
12 150
522 827
370 956
72 370
332 827
888 332
122 72
724 956
471 724
368 471
472 12
653 788
194 827
9 370
321 9
48 263
545 969
768 545
287 768
486 287
443 486
66 13
677 831
145 593
309 135
684 309
911 684
277 684
663 277
228 663
791 270
387 861
463 333
292 49
130 292
873 130
830 130
468 873
226 321
353 656
53 235
996 49
286 996
876 286
238 876
157 996
369 157
38 876
302 38
257 302
963 38
805 257
908 805
304 302
517 157
489 157
693 157
183 805
900 693
778 900
729 778
912 729
23 912
790 23
618 778
161 618
856 161
195 238
175 195
185 195
826 790
467 175
469 467
362 469
83 467
20 469
916 20
786 963
297 786
291 297
599 876
832 599
260 599
904 260
909 260
583 909
841 260
3 583
838 3
958 838
718 838
648 3
174 648
964 904
74 3
139 74
576 74
559 576
484 74
551 260
299 551
871 299
71 299
608 299
985 608
114 718
375 583
992 3
253 992
381 291
946 381
249 946
262 249
80 262
639 80
914 639
187 705
155 187
404 370
365 404
512 304
878 107
410 212
95 263
880 95
25 95
855 25
417 25
944 417
237 417
762 237
588 417
825 944
479 909
146 641
692 676
966 692
892 765
421 146
492 984
51 492
37 296
256 37
920 256
596 920
829 256
660 256
817 660
121 817
103 817
948 103
534 660
315 829
43 256
61 596
141 61
661 61
945 141
527 945
356 527
22 527
571 22
820 22
348 820
180 141
926 22
265 141
319 926
567 319
961 567
258 961
851 258
874 851
230 874
658 230
528 230
493 920
363 848
41 158
430 41
901 430
647 661
913 647
359 913
197 359
816 197
75 359
972 75
877 972
32 75
649 32
255 32
434 255
544 75
466 510
797 466
597 797
734 174
282 734
125 332
555 125
478 125
278 788
857 278
339 878
902 339
330 763
950 95
700 950
939 326
35 330
775 35
504 775
243 504
710 504
680 710
548 680
893 548
465 548
301 775
514 301
990 710
671 990
897 671
654 671
334 243
935 710
101 504
659 101
414 659
628 659
328 659
96 328
142 96
364 142
88 142
360 364
891 88
30 101
453 30
753 453
293 753
173 453
221 173
206 364
589 434
635 801
281 635
622 281
976 622
938 277
406 938
572 406
367 465
535 367
986 629
87 888
407 270
451 407
919 333
732 919
460 302
68 460
751 68
254 277
316 885
749 316
394 749
307 893
181 354
894 560
822 894
757 822
205 886
480 501
515 482
575 515
957 575
54 957
620 957
441 620
615 441
505 615
725 765
92 725
683 92
439 92
733 439
402 683
294 402
833 104
779 951
773 629
19 773
215 19
211 215
657 19
67 215
869 67
744 869
127 657
28 127
271 127
26 545
273 26
974 273
192 974
835 974
214 835
561 214
481 214
106 561
267 561
123 974
941 160
132 941
138 941
323 138
943 138
436 943
137 323
533 137
789 533
783 323
164 442
188 355
234 188
65 48
600 339
27 600
444 600
191 387
803 442
351 803
720 779
697 544
115 370
343 48
44 484
804 508
521 123
858 521
849 858
713 849
338 548
361 214
78 37
906 78
418 906
240 418
413 240
427 240
347 80
34 750
40 447
438 359
94 677
704 106
82 704
305 179
587 305
320 392
100 429
144 871
682 144
565 682
312 756
167 545
604 84
11 604
784 482
201 2
223 38
81 659
899 81
128 237
740 639
933 241
998 406
983 417
437 363
1 143
623 1
269 305
836 219
981 144
942 981
611 356
232 611
866 232
420 866
10 420
602 611
366 992
77 521
340 600
719 104
975 719
475 975
511 475
619 451
311 775
624 528
541 956
627 732
782 627
58 110
754 58
424 635
991 37
867 991
847 867
317 648
645 683
717 645
625 717
524 625
819 185
736 819
499 736
796 819
540 819
738 663
419 952
126 419
349 126
937 349
239 235
62 443
306 101
929 819
925 929
507 925
730 929
745 686
853 728
997 853
39 660
563 150
449 775
519 920
70 519
748 70
698 207
177 522
758 406
520 758
112 758
261 112
47 261
613 934
807 814
208 906
884 757
799 504
383 799
109 96
409 109
959 109
6 47
344 127
98 365
813 98
539 98
33 539
685 33
815 180
229 429
931 229
233 229
787 233
89 101
225 89
494 418
890 494
631 890
8 631
601 857
868 601
662 784
595 175
99 539
537 87
46 449
793 244
722 793
917 722
252 661
199 252
706 199
837 706
739 46
69 917
129 75
216 129
650 129
712 650
949 87
289 70
955 286
642 94
795 642
63 795
667 922
865 535
124 11
968 264
284 732
385 284
605 704
735 638
250 411
842 250
503 250
488 503
655 865
823 982
928 480
936 820
580 252
905 15
425 697
491 425
18 425
391 233
806 711
821 806
978 110
547 953
586 161
352 586
314 861
85 115
236 284
318 578
170 491
852 170
431 196
433 241
701 433
987 257
610 861
668 610
288 357
810 288
678 810
4 810
331 292
189 488
967 127
609 788
562 609
979 98
308 876
971 308
536 649
811 728
980 342
171 347
824 731
193 364
612 193
523 20
133 773
14 420
21 346
669 992
415 669
36 415
688 415
168 36
709 31
616 709
450 296
298 998
45 813
445 45
538 726
582 42
268 705
995 158
887 578
570 527
496 410
446 360
860 137
285 860
558 422
727 276
854 15
977 478
907 254
274 822
581 560
714 260
397 677
246 560
675 895
377 990
329 321
350 972
474 937
606 901
473 705
691 535
490 980
960 336
863 957
584 760
456 272
828 456
764 114
672 66
102 842
405 102
5 974
607 5
91 235
400 484
163 781
702 163
120 252
947 383
176 7
564 535
52 341
371 244
965 445
585 667
881 916
573 522
531 585
322 270
994 475
178 711
186 178
759 177
398 759
930 99
17 134
703 392
156 703
546 703
470 156
903 783
557 381
687 557
526 687
875 172
634 399
390 634
218 390
57 893
772 291
495 715
665 367
373 665
266 665
808 665
119 550
708 72
993 212
283 500
169 861
378 534
530 336
896 731
408 486
707 471
345 282
742 172
303 306
621 303
259 303
498 720
335 425
780 937
487 623
64 934
461 64
79 994
380 849
770 714
217 582
569 259
988 759
374 988
846 385
151 609
210 969
755 173
154 408
844 412
746 205
699 570
485 328
695 485
870 485
165 870
153 835
159 350
227 559
737 227
918 253
204 933
90 96
800 653
455 975
459 447
248 101
543 841
116 543
245 538
843 664
940 295
632 384
428 156
131 428
839 91
0 892
741 543
149 397
118 581
222 915
147 176
59 196
483 779
389 638
798 990
401 888
382 538
812 239
568 916
769 469
251 516
999 417
850 926
690 937
594 690
556 143
636 101
679 803
396 16
694 540
889 201
242 700
152 282
859 789
721 859
224 877
670 9
