-94747.2 (peso da AGM)
781 729
447 781
271 781
852 271
501 852
118 501
857 501
332 118
478 332
288 478
292 118
681 292
358 681
77 292
106 77
323 106
218 323
711 323
753 77
701 753
477 701
107 106
824 107
430 824
887 824
761 887
160 761
604 160
634 604
89 634
527 89
330 527
413 824
628 413
402 628
312 402
601 824
863 601
240 863
255 430
750 604
333 750
322 333
853 750
934 853
439 853
616 333
382 333
892 382
572 382
899 572
632 899
549 572
101 549
488 382
397 488
995 549
237 995
602 237
417 237
226 237
907 602
988 907
946 711
645 106
690 572
674 690
843 549
410 843
579 410
929 579
638 410
254 410
303 410
257 303
657 257
74 579
889 226
772 604
276 772
401 276
471 401
138 946
70 292
16 501
693 16
24 693
554 24
252 554
4 252
588 4
747 4
385 747
966 385
43 385
190 43
707 16
688 707
485 707
760 485
114 688
96 16
516 16
200 527
458 200
285 200
316 397
146 316
49 316
459 146
623 459
91 459
280 91
110 91
535 110
113 535
697 280
407 49
547 407
57 547
188 280
232 188
851 188
769 188
324 188
465 324
360 465
76 360
247 76
308 247
336 247
48 308
961 48
722 961
484 48
386 48
655 961
742 722
813 742
957 386
620 957
346 484
429 346
133 247
34 133
537 34
595 34
704 595
462 48
227 462
564 961
208 564
927 564
173 927
139 173
560 208
349 564
659 927
898 208
162 659
207 564
265 208
299 265
305 898
635 305
977 635
158 465
352 158
331 907
891 331
189 331
12 891
757 527
546 757
826 546
973 659
236 973
536 236
658 477
56 658
817 56
786 817
640 786
855 640
935 855
9 935
502 9
589 502
922 589
381 922
727 381
442 935
672 935
186 589
873 186
105 935
895 105
143 895
233 105
540 233
270 143
592 270
987 592
730 143
119 730
530 730
144 540
475 144
734 144
913 105
706 913
251 592
375 251
55 375
313 55
902 313
479 706
509 479
510 375
818 902
10 818
633 10
565 633
47 530
388 730
798 388
996 119
910 996
112 910
132 996
40 132
153 996
231 535
293 231
566 293
708 566
637 231
496 826
499 346
627 10
152 332
229 152
250 229
377 602
103 377
673 103
982 673
156 982
432 673
87 280
933 87
766 933
915 933
582 162
964 727
163 964
228 964
955 484
443 955
596 443
854 596
497 955
758 497
716 497
507 144
394 507
815 507
84 815
768 507
504 768
264 768
321 264
445 507
656 445
66 264
37 394
18 37
881 18
150 881
618 66
223 618
82 264
738 82
585 82
348 82
676 348
246 223
347 246
259 347
846 259
457 846
840 347
169 840
762 169
969 762
351 223
170 693
365 150
953 566
793 953
473 793
877 473
909 473
460 909
703 473
328 703
419 460
709 877
583 703
149 793
387 909
720 793
808 953
503 149
220 328
194 220
715 509
695 715
787 439
784 787
745 784
829 623
286 459
28 640
539 305
414 762
338 280
36 338
287 36
8 287
124 8
770 808
832 946
249 832
159 693
211 159
279 159
921 279
320 921
290 211
329 159
296 290
64 296
405 296
35 64
161 445
406 161
403 161
550 328
384 596
180 384
491 180
717 491
423 690
418 423
193 766
115 193
325 115
890 115
341 325
962 293
661 962
646 312
838 107
849 745
551 849
880 551
590 880
197 590
514 197
879 514
390 760
235 390
624 672
283 624
956 283
976 956
3 976
860 956
198 860
726 47
31 840
823 709
841 401
901 841
586 841
809 510
508 809
914 855
664 124
759 583
289 759
984 471
46 984
379 984
455 379
587 379
886 587
607 886
644 607
993 644
941 379
108 941
856 108
444 856
802 444
649 802
60 644
135 379
569 135
950 674
615 950
395 615
791 615
202 615
764 202
545 764
702 764
912 764
310 912
524 310
80 524
670 912
50 912
520 851
925 520
359 101
719 359
298 957
463 298
72 688
732 72
544 732
866 781
528 757
557 995
599 879
154 601
581 154
67 46
398 67
363 76
893 363
7 893
6 7
714 160
705 714
451 705
839 705
210 705
396 210
199 396
83 396
453 246
342 453
19 747
931 19
63 761
428 63
90 428
380 898
561 380
699 658
17 699
184 17
630 17
785 184
2 785
978 785
337 978
256 252
437 554
245 445
605 245
789 388
621 605
865 621
675 865
452 675
88 621
85 865
425 445
725 808
629 725
743 146
905 693
783 905
98 783
648 783
541 648
345 98
136 345
654 345
918 119
606 312
939 90
639 40
68 639
553 921
574 553
782 574
178 634
779 178
555 178
740 720
816 287
985 816
999 985
120 118
682 941
970 91
33 283
307 385
334 307
367 334
850 367
376 307
128 850
350 627
788 255
5 292
517 5
755 5
822 5
440 750
185 440
467 860
472 681
368 173
474 742
326 474
737 474
126 467
694 126
989 694
392 989
647 392
680 647
994 680
608 392
636 36
261 70
700 987
41 375
669 826
603 669
327 388
651 24
728 651
871 477
796 787
192 796
59 849
481 627
205 192
837 205
203 429
733 203
482 203
99 229
834 742
157 834
45 157
278 45
794 909
519 794
932 519
268 932
273 932
238 268
963 268
295 963
344 465
626 344
795 624
275 955
364 985
751 670
11 751
862 681
767 862
456 767
904 456
391 55
529 524
294 681
13 359
814 554
903 913
470 604
408 83
538 708
613 247
302 613
724 342
284 724
679 681
801 857
997 978
765 103
269 738
145 818
917 145
340 917
559 340
412 340
830 340
666 412
974 491
548 974
217 548
116 217
577 217
567 116
129 567
92 974
291 202
366 116
686 366
568 686
944 686
735 366
859 735
872 444
625 871
58 625
262 625
79 262
26 262
431 298
842 431
117 465
570 197
319 43
739 524
827 345
27 358
32 27
991 320
127 615
449 514
951 726
692 951
884 692
39 692
981 246
896 981
260 546
691 673
776 87
195 776
201 195
438 201
155 963
756 155
130 756
870 639
25 870
14 25
532 443
518 532
875 518
94 529
763 94
575 661
411 456
803 411
214 803
771 922
489 199
920 963
622 40
710 327
300 587
800 471
480 587
224 700
571 328
515 571
230 571
619 230
631 619
315 347
558 915
533 561
960 324
495 918
924 966
525 924
415 348
362 415
494 362
167 362
868 525
51 868
511 756
216 511
983 13
97 983
38 24
806 38
778 806
272 778
30 769
168 30
483 168
122 483
176 122
975 483
468 122
597 159
534 592
339 534
23 905
990 23
712 881
389 859
543 913
992 120
142 579
498 142
945 498
476 498
75 945
677 75
600 644
137 872
864 402
552 568
512 552
274 377
29 274
736 274
598 29
44 625
954 246
393 954
54 393
73 393
897 54
869 120
821 869
450 821
580 821
102 860
225 102
361 225
943 225
374 943
563 943
652 563
526 563
400 787
698 400
949 428
650 365
578 45
164 785
140 622
741 997
219 60
836 219
369 219
848 369
353 848
576 848
461 576
885 219
301 885
21 301
86 934
937 86
62 549
441 62
435 62
399 62
370 399
718 399
297 390
318 479
573 318
660 573
936 717
335 473
777 987
919 777
317 777
166 919
174 166
521 174
752 521
354 752
523 521
610 166
861 919
242 549
65 627
239 65
121 239
916 65
314 916
355 314
878 345
612 830
248 612
165 248
906 248
277 248
267 906
968 165
942 968
513 612
209 785
522 981
182 522
858 112
948 536
434 649
148 561
191 532
416 858
20 271
967 392
614 135
721 614
266 614
653 329
888 653
215 651
876 16
469 954
243 402
811 693
221 321
311 221
309 97
490 906
492 758
109 417
486 653
206 486
234 486
426 234
212 426
404 426
696 206
409 696
306 409
81 234
835 498
222 835
531 222
125 659
179 125
427 602
591 38
773 664
141 806
643 70
894 513
713 977
181 843
213 181
938 529
965 189
183 218
420 651
177 727
171 523
825 333
844 34
908 916
204 964
774 571
662 46
687 478
959 352
52 595
466 477
15 380
805 15
874 734
819 54
372 819
584 529
53 655
663 764
172 212
807 782
971 758
804 971
828 217
754 639
847 754
383 622
689 10
845 721
71 128
134 4
147 134
611 437
748 880
792 826
542 792
111 874
833 23
731 181
940 285
958 850
642 958
928 174
371 271
668 758
343 668
812 343
282 834
986 743
69 936
100 297
241 47
685 288
22 550
500 22
665 852
790 838
799 339
930 799
493 377
258 121
867 258
1 846
775 1
263 775
900 109
0 872
104 722
684 104
609 308
95 502
641 579
911 164
723 893
357 168
797 357
562 21
424 298
433 424
446 568
175 387
947 103
78 959
594 528
244 701
820 415
448 997
151 711
831 258
667 831
436 30
749 863
42 221
746 729
980 17
979 40
998 702
281 685
373 241
952 639
196 271
678 502
810 60
883 25
253 675
454 281
93 58
464 166
378 130
506 898
926 476
487 973
422 708
744 149
356 206
923 378
421 788
683 137
131 217
780 242
187 712
123 414
882 760
304 55
617 934
593 589
505 367
61 480
972 320
556 503
671 349
