-95178.7 (peso da AGM)
277 31
789 31
49 789
70 789
966 70
429 966
595 429
602 595
895 70
730 895
833 429
512 833
518 512
431 518
361 431
107 966
729 789
18 729
928 895
377 928
990 377
748 990
770 990
613 770
865 770
426 865
422 426
315 422
385 315
601 385
402 789
405 402
176 405
352 176
474 405
382 474
106 474
997 106
958 474
52 997
156 382
388 156
486 388
236 486
527 236
153 527
600 153
238 153
412 238
546 412
26 546
50 26
659 50
123 546
701 412
679 701
970 238
351 970
254 486
181 546
521 970
977 521
852 521
4 852
713 521
869 713
417 713
42 417
918 417
927 852
461 521
245 461
415 461
255 977
644 245
772 417
297 772
696 297
0 696
871 852
631 852
465 631
562 713
496 562
693 871
986 600
780 713
773 546
612 773
582 612
670 582
374 773
553 773
785 553
312 785
911 312
190 911
745 190
829 911
440 312
499 440
694 553
787 190
307 787
130 307
111 977
936 111
222 936
196 111
758 196
853 758
247 853
78 111
956 78
387 78
757 387
424 387
723 387
439 123
540 439
483 540
187 483
529 187
209 529
314 483
591 209
159 439
451 591
759 451
350 529
650 600
976 650
281 829
875 713
619 312
497 388
194 696
135 111
126 135
826 297
891 350
778 891
819 772
192 562
83 956
528 307
508 528
902 508
609 902
788 528
39 902
640 39
824 640
979 39
124 640
774 979
475 774
367 475
638 367
393 475
565 39
910 565
607 910
685 607
306 685
769 685
416 769
118 638
893 118
820 416
148 475
747 685
514 747
217 350
330 217
791 330
249 791
765 565
915 819
339 439
5 339
808 5
494 808
290 339
69 290
981 494
373 981
149 494
775 149
8 149
807 373
456 807
322 456
399 373
832 373
974 8
186 118
55 186
734 186
71 734
653 186
491 653
879 653
453 879
133 879
482 71
467 482
739 467
136 467
542 136
728 482
585 542
371 136
573 482
886 728
30 739
700 30
58 371
761 728
793 761
127 793
925 761
251 761
904 127
246 904
175 371
282 186
327 282
690 327
992 327
369 690
571 992
938 571
920 571
460 920
81 460
143 81
241 734
317 992
228 317
908 228
961 908
183 908
848 908
110 961
850 910
950 222
905 175
796 905
240 514
874 240
889 874
45 456
342 693
718 342
24 879
114 24
400 114
329 24
510 24
60 24
896 60
41 896
171 896
411 60
588 896
809 588
370 171
683 411
705 683
448 705
975 683
320 975
766 705
63 41
578 370
680 171
54 680
457 54
557 320
203 557
812 203
154 812
725 154
99 439
125 607
564 125
38 564
505 125
308 505
959 505
544 505
884 544
173 544
355 884
214 355
340 308
762 959
980 915
150 705
988 150
165 988
389 412
473 871
443 473
506 473
2 506
662 902
618 662
274 618
581 274
596 662
811 596
10 387
95 10
20 95
555 496
520 718
767 925
37 176
404 37
707 404
556 37
993 556
687 993
655 993
471 993
283 718
932 927
205 314
706 205
681 205
691 706
90 691
380 706
445 380
436 729
994 436
973 436
639 436
610 639
166 610
519 90
44 519
732 519
930 732
146 889
14 146
147 14
91 14
972 91
722 972
231 722
715 147
464 91
366 147
298 146
88 298
849 88
182 994
843 182
636 182
664 636
299 182
162 299
364 162
97 299
96 182
515 96
493 515
674 565
185 674
430 674
736 674
454 736
265 185
378 736
6 378
580 6
21 580
62 580
537 62
360 537
671 360
743 671
485 671
749 537
343 749
513 343
243 62
689 743
211 689
684 211
128 684
536 689
396 536
372 396
313 372
447 313
208 313
170 372
672 170
201 672
547 201
939 547
951 372
164 951
278 689
325 684
291 749
604 291
919 956
656 919
804 656
27 656
651 804
13 562
738 13
711 13
632 711
855 738
287 855
403 632
535 403
359 403
776 359
605 776
566 403
868 566
890 868
805 890
23 566
838 632
710 373
476 710
731 476
957 476
256 476
427 256
570 315
432 281
401 432
964 432
200 964
469 964
560 469
346 560
561 560
234 561
142 234
587 142
669 587
94 669
348 561
657 348
57 587
302 200
362 302
899 362
233 899
353 560
814 353
305 814
318 561
583 587
248 583
969 486
272 359
177 424
634 177
917 634
929 917
823 634
673 823
210 673
40 210
65 210
420 40
446 420
660 917
232 660
269 232
316 269
16 316
437 238
414 437
25 437
984 177
737 984
584 340
944 584
452 944
998 944
435 998
407 435
614 290
333 614
859 333
492 614
288 614
837 288
637 288
940 637
104 940
410 637
479 410
968 104
668 940
862 668
321 862
916 668
648 916
260 321
708 260
462 708
866 968
563 637
856 993
179 670
7 179
326 179
926 596
592 974
883 592
336 883
341 883
68 592
654 981
847 654
692 654
117 749
3 117
296 117
35 117
158 35
752 158
948 902
697 670
421 670
221 111
828 221
900 828
882 362
338 968
539 657
120 542
589 696
481 634
145 481
93 917
191 41
892 584
627 892
335 0
698 58
84 388
270 84
108 84
844 270
354 120
279 900
224 936
213 224
266 213
784 213
257 761
922 257
511 974
293 370
864 443
798 864
943 798
516 97
825 154
495 825
999 437
574 999
206 999
810 999
337 231
395 330
559 395
406 395
207 465
459 207
375 459
304 375
122 936
53 122
295 481
840 454
880 951
545 880
250 668
450 250
449 207
603 808
575 41
77 575
625 77
441 77
160 77
132 160
466 132
735 575
434 735
719 457
594 719
470 594
262 55
746 281
806 746
898 806
647 314
74 647
9 431
425 350
444 425
280 425
985 806
33 340
548 146
995 293
763 55
946 763
569 763
923 763
792 111
109 148
933 109
267 865
779 267
550 779
714 494
949 714
152 949
768 152
225 768
11 225
842 11
398 842
996 429
617 996
567 996
861 287
624 895
261 378
954 261
764 269
872 764
817 353
347 817
873 71
781 269
876 110
860 33
590 860
230 77
438 421
490 918
392 490
237 392
937 237
955 237
912 955
478 912
504 341
397 63
598 430
645 598
709 645
626 709
178 994
394 295
72 394
116 72
309 359
753 735
783 527
215 783
383 215
816 970
522 816
119 816
358 119
408 366
538 359
827 538
750 827
235 827
79 750
381 201
755 355
129 755
15 129
244 15
198 923
263 5
885 263
794 91
953 794
284 569
989 948
941 556
945 595
32 444
554 32
821 554
102 554
51 821
987 51
197 987
86 780
19 746
633 743
212 738
167 609
572 505
365 572
219 365
289 847
611 936
678 611
894 678
115 678
931 678
841 611
43 115
1 176
663 107
112 876
92 755
501 92
924 306
991 883
64 611
161 787
721 161
635 721
628 635
345 721
675 728
906 675
368 974
724 362
782 221
390 494
376 390
100 221
666 625
795 666
413 209
641 254
643 212
29 544
716 156
934 711
623 197
332 862
742 332
195 648
835 683
264 368
301 264
534 280
328 45
982 328
914 328
59 461
428 59
226 59
174 226
323 441
48 323
720 23
319 673
310 623
913 143
704 913
935 225
239 666
259 811
202 259
870 15
66 870
615 304
863 615
676 806
357 499
184 39
223 184
82 223
344 223
577 344
463 344
813 223
686 463
568 463
857 344
881 889
101 135
131 101
599 131
579 383
80 381
507 513
85 507
754 85
356 206
667 389
830 152
616 830
155 373
888 613
169 383
121 112
586 961
756 912
331 284
455 331
760 455
76 205
218 888
606 184
442 506
271 442
500 274
947 500
105 20
163 874
216 976
597 932
771 597
652 86
682 772
608 322
498 778
845 272
839 609
960 341
983 880
46 835
258 779
677 41
963 182
576 287
523 576
965 523
621 965
484 965
790 484
777 776
907 968
909 907
252 912
188 522
286 188
28 844
800 296
836 604
489 283
502 109
379 490
199 11
630 330
172 630
488 50
822 284
661 821
620 954
834 620
699 946
87 770
952 757
649 798
89 649
268 769
140 439
740 960
978 740
334 823
552 957
803 840
524 908
418 258
878 838
726 878
854 248
702 326
901 702
797 448
971 385
419 971
275 241
98 382
168 268
517 964
300 620
503 198
903 69
846 896
786 545
665 786
276 665
703 434
477 226
551 477
558 20
384 572
593 675
533 126
220 533
139 220
712 440
531 119
229 348
815 736
831 815
189 156
646 958
273 100
12 452
867 12
717 803
744 2
303 122
137 188
887 229
741 503
622 892
67 519
472 10
658 315
530 649
17 885
113 187
391 499
942 259
549 942
642 203
526 957
532 297
802 532
877 209
294 398
487 54
324 895
141 385
285 141
480 903
897 486
733 437
751 355
409 521
801 91
180 801
103 440
349 103
967 969
688 967
799 876
134 799
727 134
227 996
818 793
509 65
73 18
193 834
75 735
851 496
138 11
543 296
433 396
541 129
157 965
458 336
363 55
47 172
386 126
22 386
56 799
525 56
36 489
204 36
144 964
468 957
423 889
962 224
253 237
292 127
242 539
858 91
629 938
61 218
151 28
695 998
921 254
34 30
311 185
