-94886.5 (peso da AGM)
531 117
701 117
232 701
641 232
5 641
212 232
931 232
372 212
958 372
881 958
161 881
857 161
305 161
300 958
81 372
483 81
996 161
763 996
156 300
420 305
468 420
691 420
529 691
930 691
846 763
841 300
382 841
75 382
819 382
15 819
13 15
916 819
253 916
848 253
148 848
994 148
116 994
599 848
213 148
825 599
584 825
93 825
424 599
302 424
183 302
556 148
175 556
737 253
111 382
945 302
634 945
197 634
875 634
802 945
633 802
542 802
453 542
562 453
939 453
280 939
39 542
856 562
110 856
801 939
155 856
662 155
169 801
53 169
291 53
764 291
330 53
332 330
682 53
775 330
703 662
447 453
421 447
587 421
52 587
312 875
41 662
496 802
418 280
767 280
23 634
344 197
536 344
850 344
840 850
567 840
31 567
827 31
234 418
537 418
33 537
817 33
120 33
168 120
263 168
188 168
904 263
521 188
465 188
71 188
888 263
699 71
463 33
7 168
679 7
730 332
243 730
299 243
952 31
526 994
306 526
738 306
485 738
219 306
97 219
101 97
265 97
337 219
298 485
908 298
557 97
14 557
348 14
322 557
628 322
533 322
395 533
618 322
91 265
435 91
448 435
174 557
625 174
408 618
262 395
906 939
690 906
247 690
376 730
153 376
714 376
40 714
413 40
897 413
290 40
227 290
877 40
324 227
502 40
894 502
942 897
261 942
177 261
106 413
228 40
664 261
550 227
525 550
129 550
171 942
711 171
113 502
38 40
415 38
787 415
352 153
545 352
303 352
999 764
616 999
592 14
660 592
524 421
249 524
404 249
274 249
480 404
190 480
429 404
741 429
456 480
925 404
152 925
393 429
379 480
346 393
723 346
371 346
321 371
984 371
629 984
649 629
976 629
569 429
391 429
514 456
549 190
345 549
631 549
367 549
364 631
354 364
749 524
6 749
320 404
217 320
552 217
845 552
442 845
411 552
128 320
570 217
214 364
853 214
241 6
493 241
278 493
130 278
133 493
750 133
167 128
437 167
535 437
606 535
601 606
873 167
513 873
712 513
869 712
184 869
362 184
593 712
598 741
721 184
144 721
927 144
100 927
385 721
160 385
257 160
467 144
953 249
88 953
139 88
566 139
517 139
454 517
103 454
613 139
757 613
356 757
200 103
432 613
956 432
347 757
136 347
425 347
645 139
471 645
238 613
829 238
409 347
166 409
30 200
969 30
696 969
947 969
82 969
287 82
491 82
934 491
9 287
960 9
913 934
295 491
538 9
889 960
235 538
189 235
440 189
204 440
880 9
398 30
650 295
951 913
842 189
718 842
143 718
600 718
223 143
273 718
0 223
236 166
246 236
157 246
445 718
808 913
67 721
296 533
769 467
154 496
357 154
866 299
457 947
656 457
949 656
333 949
512 333
259 512
109 259
94 109
428 109
380 428
886 380
895 886
49 895
70 109
666 562
818 666
659 818
25 818
831 25
220 666
668 220
672 668
66 672
185 347
832 741
731 243
294 731
389 471
473 660
309 473
854 473
962 953
751 962
614 962
484 614
414 614
461 751
508 461
498 508
553 848
186 629
338 186
983 186
50 186
867 50
307 50
386 867
158 386
685 158
19 685
96 19
266 96
940 19
573 19
689 96
29 689
759 689
482 759
879 482
12 482
216 12
62 12
762 888
423 762
375 238
311 330
65 311
342 65
658 65
341 658
210 341
250 210
73 250
586 73
744 73
995 250
665 73
21 665
734 210
728 734
809 586
377 809
522 586
876 522
602 522
523 602
260 523
360 523
903 360
431 903
835 602
838 835
803 835
771 523
727 771
583 803
683 360
847 771
122 523
736 122
568 431
823 568
239 823
359 239
921 21
617 921
123 617
22 360
102 241
686 102
240 686
487 240
244 487
791 244
837 791
596 244
325 596
441 586
11 441
26 11
439 26
720 439
896 720
670 26
815 409
304 113
426 304
486 426
2 486
68 486
554 33
310 81
95 969
4 95
489 4
979 489
146 979
396 146
381 146
293 489
923 293
547 396
444 979
353 444
740 353
84 740
643 396
781 415
527 480
620 976
511 496
724 511
459 724
852 724
443 808
591 791
363 52
882 363
92 882
937 882
595 88
797 228
112 40
107 184
609 424
476 359
208 983
252 208
693 252
36 274
42 36
863 42
76 863
528 863
541 76
640 541
269 640
611 269
943 640
455 943
48 541
3 455
407 894
758 856
271 758
230 271
991 230
914 271
812 953
893 407
885 300
964 939
179 758
504 686
308 428
772 308
334 645
281 219
967 281
961 967
358 961
747 631
820 100
464 835
539 757
532 539
329 364
900 329
331 257
315 331
795 315
147 315
335 795
871 795
971 871
884 971
297 884
98 884
816 873
756 50
406 756
605 406
588 406
830 588
560 605
327 830
981 331
384 190
692 384
20 692
530 100
607 228
115 219
938 94
865 471
69 865
858 930
911 102
472 441
729 472
755 96
272 945
988 189
289 755
695 463
43 767
370 70
794 370
201 794
796 794
719 370
778 719
655 719
422 655
373 545
199 613
806 199
851 199
500 308
134 903
551 22
890 551
108 890
125 551
651 482
258 651
883 258
114 883
987 114
572 651
365 23
87 365
90 365
792 90
872 41
145 872
950 354
722 881
351 722
589 542
313 93
519 853
369 39
544 369
933 168
608 933
855 608
45 855
597 855
350 608
687 855
191 96
571 191
870 359
215 870
54 532
760 204
506 760
86 506
495 506
813 36
159 95
864 159
540 864
667 540
821 667
18 956
799 25
206 841
275 217
78 511
518 658
132 518
105 820
786 105
726 786
268 20
675 268
638 675
479 638
79 268
402 268
516 479
630 479
780 630
270 780
564 270
765 564
610 638
688 305
231 472
694 471
349 694
248 540
505 248
74 505
648 74
417 648
585 648
623 585
661 623
789 648
822 628
905 109
37 905
264 37
388 264
909 208
497 813
998 497
604 53
192 604
784 192
779 784
753 784
657 604
676 657
966 676
954 753
63 954
170 52
501 170
619 501
948 619
785 948
565 785
237 785
288 237
51 248
824 51
211 945
946 870
748 946
899 748
874 899
646 748
860 646
669 646
118 874
907 118
957 646
285 957
195 285
963 808
119 721
887 119
704 118
575 188
990 575
579 990
410 760
32 114
635 32
680 564
807 848
419 620
770 419
910 419
326 910
24 910
959 24
57 825
546 57
603 546
510 603
165 650
862 165
178 895
378 413
181 201
203 827
577 414
992 577
173 577
383 903
783 676
323 672
283 780
222 998
477 222
446 758
193 876
928 193
993 193
104 993
752 540
142 752
460 666
563 460
55 377
176 55
920 262
60 268
221 11
926 404
488 625
141 512
989 999
61 989
674 799
924 312
582 410
481 582
901 23
626 901
710 626
126 880
292 21
982 292
279 982
405 292
973 292
746 148
416 746
977 699
520 957
462 990
811 308
492 724
449 492
124 237
137 979
314 105
149 314
140 314
705 556
121 297
739 121
507 568
642 507
639 642
301 626
788 301
226 788
975 226
172 975
559 172
319 559
891 319
35 319
647 319
282 87
918 998
451 918
892 676
902 74
800 296
77 504
774 168
861 420
844 358
255 463
671 255
717 301
766 994
478 584
399 478
233 478
127 688
898 127
590 372
733 504
438 733
974 934
814 789
725 127
922 802
503 705
698 503
663 619
427 116
793 427
581 201
436 960
839 436
412 781
548 41
713 720
997 351
394 443
162 148
678 190
135 341
151 895
59 757
256 59
970 854
735 600
470 599
965 687
622 851
187 989
150 331
776 150
782 749
980 824
681 312
225 497
912 375
742 5
196 876
702 196
205 702
745 31
328 745
16 682
941 16
89 121
361 395
978 141
790 680
805 990
374 552
919 909
706 38
434 706
935 434
915 706
574 706
732 155
397 106
242 591
777 402
684 435
392 45
715 728
340 715
917 715
768 715
627 643
636 498
578 295
754 395
558 42
318 558
284 558
709 284
494 709
387 937
254 616
833 611
131 189
8 128
452 435
624 655
44 624
654 44
10 779
46 835
64 778
534 64
316 64
245 422
868 245
707 676
849 301
339 482
198 446
229 954
490 320
543 289
761 875
632 699
475 844
804 865
99 793
700 559
509 439
929 161
180 941
499 371
34 334
708 381
615 804
828 222
267 560
555 799
773 555
400 214
1 400
277 400
28 231
986 582
810 698
430 810
224 364
955 773
286 556
450 846
164 767
366 496
944 418
612 944
826 312
58 584
798 709
47 798
936 47
251 798
403 568
972 613
182 420
401 486
673 750
163 673
836 464
474 41
985 665
653 101
368 5
207 927
834 69
85 846
878 592
194 447
80 826
466 405
697 686
968 151
138 483
17 16
317 664
209 587
83 209
56 83
336 280
276 468
716 778
390 167
743 933
469 435
515 189
27 955
932 27
644 219
859 776
621 60
343 904
594 660
561 84
843 961
458 204
433 126
202 206
652 438
72 916
576 122
218 751
580 218
355 772
637 315
677 271
