-94874.1 (peso da AGM)
674 97
352 97
891 352
961 674
202 674
995 202
354 674
32 354
161 354
887 32
515 887
646 515
26 161
809 26
764 26
487 764
971 487
919 971
484 919
483 484
547 483
795 483
513 547
68 547
148 483
649 483
783 547
683 783
134 971
659 483
479 783
630 547
300 547
779 300
606 300
558 779
291 558
587 291
366 558
463 366
266 366
224 266
729 779
139 729
286 139
529 286
757 529
709 286
264 286
472 764
81 472
250 81
208 81
803 606
273 803
693 273
712 693
275 712
958 273
494 958
406 494
209 809
360 646
886 757
822 886
207 886
629 712
516 629
584 516
940 629
374 729
632 139
989 632
396 632
624 396
53 624
426 783
828 426
780 426
814 426
379 814
446 379
705 446
159 814
692 159
326 692
762 326
977 762
117 762
66 117
707 66
42 66
750 977
168 326
257 168
3 705
503 66
593 503
866 593
620 866
214 620
155 620
753 214
926 214
819 926
341 819
848 593
417 341
166 593
315 166
706 315
984 166
125 341
232 706
22 780
858 22
29 858
672 168
622 672
715 53
638 374
149 161
743 149
283 360
23 283
403 23
655 403
465 655
222 465
898 222
330 465
896 330
271 655
192 584
990 192
564 809
996 513
115 958
937 115
211 937
738 211
18 738
437 18
488 437
120 488
782 437
997 32
511 472
949 757
25 949
450 984
448 822
397 753
512 397
667 512
389 397
733 667
451 733
698 451
272 512
131 450
731 149
398 161
867 398
528 398
889 528
600 528
902 889
695 902
48 902
981 48
454 981
136 454
664 632
263 664
594 397
570 594
8 570
518 594
499 8
178 8
415 178
785 415
262 415
626 262
744 262
735 785
457 735
93 457
443 626
235 443
825 235
992 443
797 992
736 797
90 797
54 992
657 90
356 657
929 785
853 54
133 178
395 657
449 683
557 558
111 214
198 111
246 198
742 246
799 742
772 799
842 772
691 842
549 691
280 549
160 705
461 454
306 461
310 461
964 310
911 310
495 911
556 306
643 556
305 643
230 937
481 230
73 230
640 73
447 867
845 360
76 396
127 76
721 127
340 721
978 340
442 978
581 442
634 581
288 340
197 288
509 978
359 509
766 359
680 76
823 978
65 823
697 65
863 766
188 487
802 188
740 802
158 68
28 158
920 28
856 920
684 856
784 513
960 178
362 960
998 362
464 442
586 362
321 586
491 586
507 491
337 507
382 586
555 382
231 555
373 555
140 373
836 555
794 555
953 555
532 555
654 373
102 797
39 483
818 39
70 818
923 863
55 148
599 463
157 599
497 157
357 599
33 357
304 357
730 304
751 730
595 709
121 127
2 712
563 2
597 2
811 597
904 811
353 904
106 811
527 106
936 527
875 527
517 875
307 875
763 307
363 904
808 363
793 446
807 793
260 766
298 26
598 115
588 598
959 606
101 330
787 207
935 528
493 779
63 549
132 640
969 354
668 969
480 668
761 480
361 668
137 361
98 361
533 98
410 969
177 761
618 177
200 618
676 618
372 618
703 668
469 703
270 469
514 703
771 469
530 771
109 530
173 530
183 771
255 183
575 469
123 575
60 575
521 60
284 521
376 521
810 284
128 810
276 810
58 276
323 58
269 323
322 269
368 269
876 322
473 376
669 473
303 810
295 276
500 109
384 500
930 384
92 930
585 384
759 585
789 585
505 410
83 505
311 58
391 311
217 391
324 518
592 209
951 592
974 951
203 974
711 203
568 974
844 568
21 974
746 974
478 746
124 568
681 124
355 21
205 711
87 205
37 87
602 37
812 602
968 812
644 968
578 644
400 812
551 37
164 578
631 164
801 631
924 812
174 551
965 812
336 602
153 336
167 153
871 167
439 167
933 439
522 933
392 439
938 392
612 924
666 612
710 974
351 710
539 351
519 710
589 710
30 87
946 30
36 946
565 36
796 565
44 36
893 44
196 893
380 946
798 380
254 798
614 798
829 614
438 614
577 438
611 438
768 438
107 577
642 602
847 642
943 589
603 943
429 796
69 438
824 69
613 69
948 69
732 613
510 732
931 732
623 161
317 623
973 317
344 623
700 488
694 700
872 694
633 495
869 633
393 730
841 672
734 469
652 734
467 652
261 362
104 261
169 271
234 169
776 87
72 547
833 72
892 65
704 588
94 149
625 257
890 461
650 890
835 530
15 270
591 825
239 284
663 592
679 624
688 521
146 688
413 356
492 413
852 527
358 852
126 358
880 33
576 818
826 576
79 330
673 576
27 673
277 27
604 277
897 604
434 27
508 27
537 508
979 508
538 979
504 140
175 587
713 175
906 713
639 979
877 101
773 789
407 773
369 773
462 407
46 462
105 46
445 105
986 445
752 731
662 307
820 598
939 557
914 939
489 488
955 923
895 955
308 895
550 203
912 563
830 744
485 830
265 485
609 265
338 609
909 338
114 830
399 114
502 399
574 502
525 114
383 525
878 383
821 974
675 891
942 675
805 942
660 675
837 805
75 155
365 395
204 779
122 204
78 173
535 551
645 535
67 645
747 67
954 747
180 645
839 180
327 465
49 327
370 793
726 370
468 370
184 391
229 184
950 229
218 229
9 218
546 950
332 546
279 218
31 279
860 279
4 860
349 4
59 349
760 4
258 860
247 279
905 247
903 905
607 903
185 607
404 905
458 31
388 458
144 458
817 59
50 144
686 50
590 686
427 590
293 427
163 427
52 607
296 760
770 296
290 296
476 290
775 427
251 905
424 50
567 424
723 860
583 279
831 723
411 185
658 528
331 658
482 331
460 482
86 658
342 86
579 817
371 502
110 371
152 823
702 368
970 702
116 970
554 116
112 970
256 970
545 256
637 545
335 637
718 554
883 718
541 493
345 541
806 413
0 806
665 0
299 893
64 890
561 64
739 64
189 561
135 189
647 393
991 137
91 23
774 91
976 443
486 643
19 497
312 94
34 312
755 312
190 803
879 190
170 123
453 702
143 679
274 143
385 274
320 434
685 712
815 563
719 815
412 912
43 412
582 43
386 3
422 386
56 386
425 878
952 693
861 952
816 952
193 816
226 706
129 226
13 52
432 21
934 231
690 833
945 690
51 448
416 732
526 275
741 526
195 111
433 557
899 321
113 902
118 113
367 113
329 367
444 113
559 329
6 924
972 768
302 137
854 302
727 946
179 989
792 64
560 630
868 646
781 179
343 844
832 954
130 832
108 129
244 208
725 244
409 725
287 409
907 964
677 494
580 972
791 65
548 791
849 548
35 548
220 564
14 220
490 220
84 766
601 742
475 601
749 475
524 749
325 524
754 98
922 642
40 500
233 538
82 461
864 697
982 864
813 982
608 813
228 391
440 228
716 875
138 642
267 138
701 267
670 267
542 701
900 542
225 906
765 225
285 765
653 285
145 444
884 645
470 884
119 884
956 783
894 806
913 736
252 913
994 252
348 994
804 348
435 252
682 994
834 435
421 613
628 876
552 628
999 552
678 101
212 678
921 101
181 450
414 181
314 414
350 337
838 228
221 838
908 221
615 181
885 741
846 146
423 356
777 224
455 427
944 410
61 944
617 463
57 617
11 617
215 617
850 215
687 438
201 687
333 688
162 333
301 162
41 301
172 301
717 172
375 717
619 375
553 301
947 561
925 359
95 168
987 95
843 987
245 114
910 245
689 910
80 910
316 830
459 585
917 459
297 917
523 537
77 523
20 77
401 264
364 30
967 345
278 20
865 554
544 772
17 312
259 17
282 259
737 54
788 737
975 450
562 924
566 479
786 118
182 288
862 533
378 510
456 245
756 632
191 522
240 263
477 240
405 611
227 933
901 457
206 990
870 206
571 709
248 547
141 642
745 148
627 91
176 967
186 176
394 98
767 773
156 767
993 178
520 239
648 3
985 772
281 81
859 189
99 859
313 480
346 878
71 906
531 71
88 108
790 756
888 951
236 597
699 141
506 994
651 864
714 192
882 896
12 19
387 12
150 378
408 788
966 439
418 624
661 440
957 299
253 411
874 253
596 20
543 50
243 543
62 243
7 476
873 7
881 620
213 881
573 107
610 573
758 86
328 931
334 467
963 272
916 467
187 626
636 836
339 645
800 339
932 908
420 932
16 666
621 819
572 489
237 737
103 760
89 235
142 582
242 168
390 92
47 899
419 942
171 419
377 171
915 491
381 255
96 689
45 352
918 863
778 8
857 107
983 371
498 983
724 231
294 166
38 65
671 271
199 613
24 592
928 732
827 511
540 93
708 624
501 947
441 921
309 688
151 309
605 887
635 707
318 635
728 339
748 728
855 259
962 855
656 962
216 855
147 707
85 408
100 250
534 270
720 534
696 775
249 159
722 915
496 683
641 3
210 641
165 588
927 796
536 927
241 766
268 704
74 620
466 459
10 466
292 590
219 772
238 353
1 230
223 774
851 664
941 190
5 170
474 547
289 240
347 780
154 839
319 208
988 815
430 516
428 80
840 911
616 888
431 294
194 669
569 848
402 954
769 979
980 112
452 980
436 983
471 849
