-95044.2 (peso da AGM)
488 771
942 771
3 942
510 942
430 942
600 430
639 430
58 430
70 430
441 70
54 639
226 54
535 226
784 488
500 784
539 500
118 500
387 118
191 387
472 191
400 191
471 118
32 784
668 600
123 600
579 123
561 441
884 561
667 884
377 579
415 377
98 415
982 415
879 982
362 879
588 879
560 588
581 560
646 879
705 588
278 705
281 705
5 982
328 441
783 328
2 278
917 2
110 917
526 2
809 526
14 110
803 14
519 803
609 14
567 609
354 917
262 354
496 2
51 496
601 51
398 51
718 51
154 718
422 154
945 422
478 422
747 718
224 478
737 224
781 747
80 781
999 945
261 154
742 261
480 742
352 945
384 352
8 384
520 8
66 8
498 66
696 66
938 51
291 938
608 480
739 608
388 739
684 51
383 684
536 8
276 383
194 498
931 194
162 931
423 383
623 423
706 623
286 706
615 286
198 706
844 615
365 615
310 365
850 423
693 198
744 615
729 982
434 729
858 434
135 858
332 135
925 135
681 925
871 135
4 925
785 4
837 135
827 837
818 4
256 837
564 827
669 332
174 681
698 256
240 698
700 240
863 700
914 240
877 914
583 877
181 583
177 877
683 877
697 683
146 697
368 697
590 697
213 697
642 213
848 642
330 848
64 848
773 64
453 64
679 453
811 848
509 181
865 509
115 865
995 115
6 995
776 6
751 642
470 751
644 470
690 644
857 690
968 690
325 968
101 968
468 101
303 468
57 303
993 325
645 993
275 57
390 857
653 993
164 653
589 164
225 390
643 589
734 643
841 734
304 644
699 304
956 699
673 956
869 673
428 673
167 690
299 167
173 869
568 225
921 568
481 564
548 921
440 548
36 440
558 36
721 36
994 721
491 558
246 491
91 548
909 440
72 909
516 36
68 516
212 68
545 68
852 545
528 68
577 212
569 721
461 569
45 262
981 224
906 981
840 906
41 981
702 387
524 310
550 739
648 198
439 648
74 648
104 74
317 526
631 317
242 631
626 631
736 317
391 626
895 224
503 191
417 503
255 503
466 255
456 466
155 994
790 155
831 155
983 644
307 983
833 857
11 101
25 818
619 25
182 25
464 182
82 464
301 82
839 291
758 839
587 758
120 839
703 120
707 839
571 707
62 707
221 62
924 62
657 221
951 62
406 587
918 406
313 406
953 62
150 406
402 150
179 918
964 313
260 577
474 260
812 260
819 474
494 819
730 494
227 730
796 227
149 11
455 149
169 149
738 169
409 169
427 455
13 169
666 13
102 415
591 102
553 102
892 553
655 553
856 655
990 856
215 856
231 215
733 215
764 733
270 764
296 270
957 215
633 957
234 215
821 234
33 821
216 33
265 216
950 216
834 950
557 834
116 296
735 231
437 735
605 437
978 605
340 978
959 735
160 959
740 340
414 740
675 414
880 675
962 675
258 633
371 258
239 258
896 258
876 371
904 896
754 258
222 258
140 222
672 876
407 672
425 407
851 425
195 672
373 553
749 373
529 414
928 679
515 639
606 515
132 606
617 626
305 617
763 617
552 439
326 552
392 326
268 326
585 392
926 585
958 455
259 999
458 259
29 458
170 458
86 259
180 86
782 180
637 782
893 86
513 893
992 893
353 992
1 353
443 1
420 443
497 420
954 443
582 1
750 582
457 954
197 443
484 657
988 484
419 988
504 419
63 419
854 63
271 504
907 271
341 271
372 341
512 504
868 512
408 868
641 868
451 641
48 641
280 48
521 372
399 736
200 399
974 200
21 399
183 21
364 200
207 496
604 207
756 604
298 6
489 298
193 298
143 516
96 577
88 879
752 88
562 752
130 562
158 752
97 552
289 96
290 954
903 290
452 903
376 509
665 8
401 665
960 401
602 665
379 401
424 379
576 424
157 424
692 379
344 439
9 344
106 9
395 9
518 106
315 2
397 466
897 397
337 696
465 337
349 465
677 349
205 349
745 526
787 337
813 200
20 813
126 749
316 721
136 316
894 316
285 787
522 509
314 354
309 314
664 700
741 664
46 741
891 741
90 891
85 850
955 85
961 314
448 707
728 931
209 728
885 461
826 408
804 698
820 643
94 820
347 94
297 347
543 240
775 543
789 804
709 789
335 709
618 790
233 518
584 233
651 863
671 651
137 180
511 137
777 388
459 777
886 459
266 459
238 777
35 675
534 562
930 534
682 982
308 682
770 308
113 770
797 770
594 797
192 594
674 770
814 674
283 308
687 605
436 687
19 470
565 268
232 844
598 232
357 598
348 357
77 896
984 77
108 984
442 108
847 442
99 442
774 847
76 99
476 76
638 476
203 638
795 203
17 638
501 476
12 77
39 427
342 39
849 342
881 849
356 881
823 356
798 823
842 823
418 453
273 418
716 418
799 618
725 834
444 990
128 444
991 128
874 641
60 286
792 60
549 309
563 926
92 563
463 397
336 673
872 336
934 872
593 872
10 872
389 10
363 872
413 281
870 633
23 870
490 23
374 23
544 23
117 544
49 224
658 950
293 658
103 658
355 658
176 293
274 293
331 274
701 331
607 331
748 607
217 315
485 217
386 58
15 549
755 500
361 885
759 361
943 759
318 361
996 361
628 318
525 628
691 525
223 691
142 223
16 223
630 16
967 16
859 16
597 630
287 318
762 630
350 762
927 762
31 927
134 31
416 400
614 416
411 614
220 103
634 220
765 271
810 512
393 368
61 393
65 61
836 101
659 61
219 684
952 488
24 952
473 24
714 737
719 714
245 714
546 904
883 434
612 967
454 959
508 442
505 63
196 508
37 700
369 491
190 457
889 190
915 889
948 666
493 948
694 948
235 694
572 948
732 572
888 732
720 572
429 720
514 572
944 348
127 157
843 127
359 94
712 561
121 712
636 712
321 945
446 142
467 2
578 644
855 578
175 578
507 175
680 175
635 855
269 855
753 175
846 572
530 344
647 880
282 647
479 19
71 479
757 479
279 757
726 279
40 726
573 726
492 128
997 492
230 997
971 427
79 971
263 2
100 263
547 694
145 77
559 145
50 145
171 776
333 72
746 333
670 333
540 333
159 540
189 748
438 582
788 569
902 851
989 744
124 837
67 124
898 67
599 67
7 653
722 49
26 135
133 26
910 133
295 26
161 810
791 438
531 791
211 531
794 530
760 794
685 355
708 569
378 92
566 588
656 594
247 321
970 821
0 970
109 0
899 246
375 899
93 850
835 209
53 858
887 797
678 872
199 424
998 472
243 998
916 243
435 916
229 435
662 58
185 709
595 363
264 595
412 234
89 735
574 465
541 574
250 811
114 399
329 114
267 329
34 267
743 267
202 19
506 202
249 506
946 249
654 574
905 258
778 171
575 778
144 575
816 3
324 361
878 418
866 878
985 560
184 13
800 217
875 614
913 924
138 913
627 138
495 748
95 495
676 95
27 534
272 667
723 420
830 384
47 830
527 47
370 527
251 659
912 162
450 553
975 450
867 326
652 246
147 652
477 147
965 477
30 477
807 477
911 807
172 524
241 114
69 617
825 93
832 906
937 584
252 213
131 407
151 719
306 151
218 215
523 9
404 251
381 903
979 665
969 468
824 142
580 267
537 232
727 537
838 238
396 446
808 161
715 14
426 715
772 383
963 855
343 963
111 343
254 65
385 408
829 459
166 637
769 166
338 219
84 535
277 27
248 877
206 248
56 832
312 507
42 312
257 42
431 42
105 844
663 597
761 515
78 223
862 733
805 572
802 262
767 94
55 519
793 55
59 793
900 543
551 900
864 900
822 864
704 822
253 496
538 273
319 538
469 426
38 701
482 732
410 297
327 215
112 225
107 112
624 751
367 397
187 696
629 187
933 609
228 498
980 159
556 307
358 264
288 200
717 282
941 904
632 211
119 856
323 756
660 332
75 193
890 31
686 655
475 37
611 475
148 611
186 611
973 821
986 575
152 229
780 227
351 780
380 745
936 257
81 108
73 541
44 73
22 804
366 759
713 366
405 713
28 405
779 894
52 174
920 52
801 663
292 71
860 943
139 6
873 350
487 321
178 101
610 149
689 900
403 22
908 100
214 510
817 182
244 528
345 854
861 644
346 771
43 179
382 362
236 382
570 370
554 563
339 755
125 365
695 132
322 33
83 601
532 368
882 723
710 882
499 838
555 499
766 555
596 81
976 896
445 750
421 805
966 145
919 674
977 934
828 807
156 828
620 446
460 511
688 297
517 41
122 672
806 356
483 563
853 382
237 146
592 178
533 39
987 533
542 228
616 335
168 895
622 466
932 428
922 267
650 422
621 819
935 621
901 702
462 89
201 499
640 57
432 471
731 432
449 884
320 944
18 870
947 18
603 947
768 812
153 281
711 279
294 68
284 75
165 628
502 710
613 183
815 802
87 104
929 87
302 272
724 654
940 429
923 181
433 524
163 462
311 163
949 237
334 522
586 929
845 931
300 425
786 55
204 749
939 993
208 1
188 185
141 188
625 520
210 476
129 177
972 364
661 432
360 173
649 934
394 753
447 62
486 531
