-95218.3 (peso da AGM)
791 481
105 791
8 105
904 8
22 904
300 22
277 300
55 22
46 55
138 46
124 55
101 124
247 101
652 247
911 652
990 247
523 990
484 55
786 484
858 786
942 858
118 942
643 118
76 643
315 118
712 55
227 712
699 227
329 227
766 329
259 699
529 259
960 529
701 960
849 911
845 849
474 849
498 474
554 498
880 498
821 880
746 821
238 821
809 238
121 809
87 121
874 87
525 87
512 525
961 238
431 238
494 431
303 525
925 961
853 525
829 853
306 512
772 306
440 306
364 306
994 306
375 440
322 375
928 322
74 322
90 74
312 928
930 440
624 322
39 624
162 39
290 772
197 829
210 853
295 210
252 295
200 295
832 200
158 832
650 200
311 832
558 311
735 558
352 558
692 558
569 692
401 692
800 311
979 800
936 979
798 936
835 936
500 200
493 500
755 798
199 352
567 199
779 567
88 779
695 779
856 695
427 856
448 695
386 856
143 386
97 448
707 97
651 97
843 651
509 843
726 386
528 726
254 528
522 843
536 567
467 536
171 386
160 171
752 160
272 752
553 752
24 160
38 160
335 272
194 38
309 194
126 194
109 652
62 272
870 309
260 335
166 260
877 166
358 877
691 525
594 194
34 594
547 594
837 547
209 837
13 547
298 547
486 594
932 118
802 932
261 932
924 932
922 932
562 922
855 562
722 855
807 562
135 722
453 135
667 453
817 667
828 667
750 828
93 453
950 93
560 950
483 560
908 750
693 950
649 135
987 649
612 649
534 950
231 534
408 231
11 408
530 11
834 530
785 834
332 162
106 332
532 106
795 532
369 795
883 369
544 795
112 532
811 112
52 532
507 795
890 795
48 890
559 811
208 811
31 559
627 532
555 627
850 507
882 850
668 850
944 668
793 106
221 793
308 793
423 308
149 52
737 149
462 746
601 462
360 601
959 360
120 959
728 120
614 462
363 308
526 855
715 853
587 715
338 197
392 338
894 392
186 338
413 186
658 413
116 392
242 116
478 242
351 478
2 351
190 2
812 190
235 190
637 812
962 2
844 812
646 338
511 235
347 511
449 347
30 347
61 30
78 61
521 78
568 347
211 449
642 521
54 186
920 54
42 920
742 42
255 742
847 658
518 894
822 518
640 242
653 640
976 640
698 976
857 653
91 857
327 91
40 976
915 40
148 698
623 148
318 40
576 640
515 91
159 515
451 159
831 451
733 451
136 733
110 915
866 110
0 148
985 0
468 515
441 0
673 441
876 673
917 847
456 42
966 0
422 847
902 698
490 917
758 42
459 186
45 962
862 91
288 862
169 652
236 169
251 236
947 251
889 236
625 889
708 462
906 708
991 525
952 991
740 952
666 952
783 952
35 783
279 35
297 783
115 740
770 115
276 279
891 276
700 891
978 297
598 978
517 952
615 517
378 615
734 378
935 378
497 734
939 497
127 939
372 127
466 517
702 991
355 127
630 372
187 630
444 835
198 444
819 198
140 198
367 140
9 367
564 819
859 564
656 642
157 656
725 157
7 157
246 7
499 725
660 499
504 725
896 504
145 504
428 896
573 428
472 573
682 472
281 682
552 660
589 552
473 589
816 473
572 473
854 816
610 854
47 552
513 47
341 47
72 816
863 72
323 863
206 863
196 72
67 196
361 67
163 361
179 361
868 361
53 868
801 816
628 573
404 628
274 404
402 274
379 628
202 379
80 157
833 80
808 833
575 808
696 379
185 660
645 246
773 896
397 656
180 816
596 180
895 180
602 180
581 602
452 581
317 452
655 317
888 317
580 317
933 504
672 572
146 808
416 895
424 375
443 536
161 277
595 251
501 708
524 612
730 367
111 259
407 111
291 111
609 291
117 609
214 117
395 576
841 395
618 841
647 120
743 647
597 743
823 547
600 823
409 35
744 409
638 744
570 638
717 570
826 638
44 638
719 44
388 44
921 719
201 44
984 201
173 984
669 173
405 115
852 140
491 908
348 491
195 855
92 942
344 92
955 344
177 831
403 930
266 573
588 266
324 588
172 588
818 172
131 172
326 955
222 627
225 222
394 225
996 394
218 427
59 218
147 42
694 147
763 694
754 638
154 939
945 863
689 945
635 945
774 689
848 521
607 848
170 607
751 170
319 848
60 509
912 448
982 131
720 982
83 720
476 720
716 46
174 994
365 174
439 174
49 439
167 174
992 167
376 167
430 376
182 231
152 182
804 152
799 804
988 152
248 152
861 799
747 623
314 140
270 314
380 314
621 90
739 621
153 621
842 153
926 842
485 926
455 485
671 667
571 754
399 607
585 399
949 637
63 817
289 701
334 291
421 758
519 421
21 519
764 785
711 764
239 72
264 290
142 842
26 142
223 26
631 223
144 223
284 144
224 284
893 144
705 908
680 76
495 680
975 680
685 975
603 685
579 603
654 579
316 603
502 685
393 502
998 393
662 316
340 338
29 340
156 340
123 655
342 123
806 342
899 806
768 899
168 899
250 168
784 250
688 795
878 990
605 802
85 605
271 598
796 271
310 186
464 310
851 464
450 851
273 450
433 273
956 273
967 312
212 967
66 768
678 859
592 310
256 501
339 256
709 478
19 156
17 222
164 174
400 164
965 186
503 246
871 503
756 503
58 756
606 932
267 606
384 267
886 384
622 886
582 622
73 622
753 73
70 753
391 753
941 179
543 941
905 543
971 543
681 971
133 817
789 133
881 225
775 881
887 894
191 404
426 191
943 426
787 426
181 426
292 181
285 292
249 181
228 472
913 222
626 913
385 913
425 385
389 425
313 147
749 182
139 29
919 628
997 399
757 26
953 66
729 409
14 997
23 14
280 23
269 280
872 23
788 269
546 136
946 546
381 946
382 381
75 382
542 348
684 843
103 956
463 103
561 463
487 561
969 400
810 969
496 810
50 496
417 50
343 378
593 877
910 593
20 593
84 20
43 84
37 911
64 37
353 64
41 779
465 139
57 465
901 572
442 169
387 442
759 387
175 387
540 502
563 540
745 285
287 949
128 287
535 891
648 535
230 645
968 140
827 198
686 896
838 831
286 768
141 62
724 141
665 678
134 621
769 180
617 769
18 750
865 18
188 865
437 865
620 857
301 620
406 301
219 620
714 194
304 603
545 304
897 545
836 866
860 431
213 775
5 711
909 817
993 711
713 993
475 713
396 279
307 819
879 307
32 219
954 32
51 715
262 110
578 262
89 578
797 578
748 797
374 89
619 374
951 89
839 797
538 89
718 538
137 797
780 137
875 780
995 797
505 538
4 745
803 395
412 112
657 705
460 210
970 460
790 460
28 111
706 260
983 874
192 168
204 582
3 844
99 3
551 3
471 657
813 945
114 605
438 114
429 438
321 429
527 438
541 895
458 541
539 458
674 587
469 674
940 469
176 674
415 176
792 469
548 952
781 548
929 53
383 51
390 162
434 109
771 673
68 567
253 152
565 367
900 565
989 415
457 578
108 457
346 108
884 346
243 346
377 518
520 895
220 167
778 236
258 778
470 730
869 470
10 470
677 10
690 470
514 505
232 93
916 376
556 916
489 700
229 489
683 489
974 996
641 504
122 444
189 122
659 170
963 660
591 499
549 379
419 377
892 419
129 892
824 647
445 784
435 341
345 317
907 345
107 496
16 699
533 876
704 605
583 704
370 383
506 277
94 50
432 394
331 596
362 319
676 810
765 107
840 52
675 627
79 515
299 79
371 79
328 79
703 169
215 239
95 979
794 363
130 540
125 712
566 230
679 566
846 921
760 489
608 760
516 157
898 516
368 516
294 328
981 608
359 491
574 466
864 896
732 932
436 569
782 436
973 436
805 782
241 436
296 441
27 648
98 416
727 251
183 727
234 700
207 683
240 503
205 300
986 876
203 317
531 963
550 531
687 550
488 643
226 459
948 416
923 948
633 923
741 935
184 143
636 415
999 636
100 865
767 653
102 767
447 102
508 786
36 991
178 754
977 360
282 30
293 106
820 372
639 820
398 460
6 922
738 360
723 519
629 723
356 723
479 95
65 779
663 65
590 975
972 851
336 360
69 116
927 69
350 791
964 350
482 964
461 448
81 461
762 81
113 485
830 113
244 830
914 362
721 141
670 34
414 670
96 670
265 822
761 164
233 46
410 570
132 8
15 137
957 662
283 927
354 314
420 10
330 230
477 330
958 477
934 958
333 477
151 39
165 478
237 800
613 426
12 127
337 273
275 669
611 817
150 174
446 150
664 827
302 664
366 695
931 852
216 625
357 533
537 357
776 357
77 807
411 77
268 897
577 756
731 167
815 387
193 670
599 193
867 193
814 766
937 714
278 937
492 278
155 492
349 935
697 953
634 304
305 936
777 173
918 897
557 295
873 911
604 150
373 762
245 237
263 290
903 675
661 553
1 920
82 23
454 907
25 454
325 6
33 591
825 877
104 651
980 485
885 822
320 719
86 465
418 146
586 651
632 406
644 726
616 373
119 131
71 586
257 733
217 251
510 252
710 439
56 104
480 960
938 262
584 178
736 519
