-95047.4 (peso da AGM)
171 675
848 171
246 848
765 848
787 765
679 787
34 679
527 34
204 527
417 204
465 417
977 465
526 527
159 526
829 159
867 829
825 867
137 825
768 34
862 768
55 862
895 862
893 895
197 895
898 197
791 197
760 791
493 760
256 493
732 493
156 732
827 768
115 827
536 827
105 536
113 536
373 827
487 373
665 156
535 665
74 768
801 465
701 55
758 74
211 758
98 211
599 98
250 599
584 250
693 584
876 250
44 665
295 44
908 295
944 908
530 908
724 944
561 724
937 724
880 561
76 880
685 937
247 561
121 247
392 121
645 561
736 724
36 736
916 247
838 247
644 838
419 838
692 527
18 838
60 113
280 60
961 60
325 961
773 961
762 773
542 280
690 542
495 98
839 736
470 44
84 470
460 535
83 460
458 876
587 458
312 736
340 312
920 340
733 920
984 312
279 733
844 279
988 984
9 984
751 419
657 751
267 751
770 657
992 657
81 992
565 81
1 565
766 862
118 766
248 766
473 118
747 766
694 473
140 694
607 140
192 607
904 192
925 373
149 692
958 149
702 958
195 702
311 195
537 311
606 311
132 702
947 132
244 947
428 149
756 428
502 756
723 747
207 458
812 207
73 812
806 73
648 806
649 806
100 649
64 100
960 100
35 64
782 35
636 782
811 35
381 811
529 381
680 529
30 35
938 30
0 30
358 30
890 358
803 890
226 938
642 381
302 465
508 904
371 508
288 371
646 288
602 371
752 602
633 602
821 633
780 821
304 780
764 780
993 821
367 993
994 367
910 367
726 780
486 726
830 486
613 830
481 821
298 633
363 298
400 363
327 400
945 327
786 400
999 994
761 633
588 761
943 588
832 943
123 943
817 832
886 761
598 886
177 886
201 177
651 201
775 201
341 775
539 886
335 341
575 123
520 575
48 201
498 575
731 498
168 498
730 775
208 752
285 208
847 886
950 847
624 950
576 950
933 950
873 944
387 873
287 387
461 287
106 287
181 287
959 106
997 645
868 997
887 868
89 887
824 997
437 887
90 208
686 90
932 686
313 542
68 313
15 736
390 904
676 390
629 676
23 910
616 23
851 616
894 851
163 894
221 616
496 894
314 894
270 314
237 496
97 237
32 496
164 32
20 961
872 20
852 36
427 852
214 18
528 731
966 528
509 528
472 528
7 528
682 7
664 7
708 132
386 812
590 84
205 590
497 590
695 497
217 205
82 217
14 82
468 82
431 590
572 431
212 217
143 695
252 143
103 143
964 252
854 497
800 854
637 800
418 637
640 800
411 640
861 418
291 854
215 800
276 800
379 304
864 379
699 379
816 699
374 304
578 636
618 578
586 181
601 586
923 601
253 201
286 253
882 286
952 253
505 121
169 876
755 169
406 437
13 618
180 13
265 180
858 265
881 858
448 760
263 448
635 730
442 803
126 442
375 775
413 375
402 118
987 387
338 987
745 987
24 745
696 24
849 696
491 247
457 847
878 457
308 881
130 419
446 130
500 446
333 446
798 333
45 333
902 699
383 764
558 987
709 247
516 709
119 908
303 964
754 371
238 754
971 238
909 971
398 909
903 398
161 398
462 238
86 238
135 86
274 86
797 238
436 387
47 400
967 47
394 73
99 806
43 99
243 43
233 693
225 686
963 849
57 963
900 680
3 900
141 3
757 113
728 757
349 392
580 226
982 987
262 982
785 731
456 960
322 456
293 181
305 676
273 782
218 502
75 218
972 461
512 972
426 512
689 426
666 689
924 666
165 924
342 165
202 601
998 202
429 468
828 429
405 238
574 491
128 252
185 128
346 128
344 185
789 344
663 789
980 663
596 663
691 747
454 691
763 454
382 763
808 382
466 382
869 691
320 808
784 382
153 763
930 153
513 691
915 513
241 165
359 241
605 629
294 605
748 24
409 748
870 982
476 870
216 476
152 476
464 152
738 152
80 870
544 80
72 738
834 72
591 834
863 910
337 863
53 812
660 53
957 436
196 100
807 196
129 537
353 129
376 353
275 376
918 275
160 918
612 97
678 612
857 678
203 857
722 203
843 722
229 843
819 843
706 229
65 706
329 706
567 203
545 567
853 545
102 545
21 102
492 102
841 102
954 706
970 567
742 545
962 819
459 962
875 459
855 875
610 855
973 459
176 875
107 176
272 107
236 176
729 107
641 843
289 641
145 289
445 289
562 145
632 145
705 632
600 145
117 600
271 117
144 271
595 144
620 595
725 641
538 289
391 538
557 538
778 538
990 778
597 600
158 990
547 492
556 547
494 556
108 494
485 108
198 811
795 558
477 60
609 477
334 609
608 1
249 608
866 608
326 249
40 608
860 608
330 40
369 330
184 369
19 599
672 19
339 485
720 339
625 720
475 625
370 725
347 370
343 695
360 343
581 379
670 581
364 670
235 364
570 235
356 235
974 235
124 581
307 581
884 307
61 884
662 307
978 884
585 235
251 585
818 251
759 818
443 693
577 500
499 602
78 499
718 999
976 464
441 976
840 400
721 840
820 721
451 820
162 451
810 326
681 810
433 810
518 681
551 518
846 202
414 21
420 32
627 420
711 918
453 711
833 711
306 833
936 711
715 711
283 715
771 283
213 771
623 843
569 623
809 623
571 809
22 623
622 22
175 622
351 622
905 351
483 175
831 175
790 86
352 790
178 925
324 867
397 48
883 575
11 726
850 267
467 106
631 467
630 98
995 630
365 830
389 365
469 389
189 855
856 508
891 512
56 891
779 78
38 779
845 38
653 38
698 653
16 698
438 16
968 438
713 38
805 713
27 805
410 27
423 698
889 713
592 889
93 592
259 675
504 20
534 504
142 534
62 142
88 62
223 88
384 88
173 577
147 932
187 248
268 180
639 268
399 137
112 399
673 112
503 112
707 197
396 707
455 707
769 455
501 396
150 396
404 150
979 707
31 979
234 31
66 234
985 150
479 985
948 479
942 948
540 948
712 540
741 712
393 83
573 393
714 573
885 714
593 885
292 573
5 347
519 324
148 676
264 148
603 207
77 574
29 77
661 274
515 661
703 661
92 77
227 915
750 227
174 227
188 540
345 188
33 188
228 33
336 228
172 326
231 336
793 118
796 793
506 793
111 796
63 506
37 342
956 382
652 603
525 160
41 43
395 565
122 605
357 122
749 37
989 749
133 749
471 584
151 471
301 471
166 301
804 151
965 804
674 471
266 674
650 266
6 166
510 6
258 510
940 827
774 151
621 303
907 631
52 907
511 130
941 511
777 941
440 777
452 804
220 5
59 933
913 99
934 945
278 384
877 278
183 877
953 118
744 205
550 692
654 550
17 243
254 17
222 465
28 270
257 526
589 556
186 589
439 186
317 22
737 801
157 275
735 347
167 735
69 122
836 197
926 308
553 926
896 926
125 804
549 945
524 964
683 105
582 820
450 923
739 683
928 279
560 928
579 928
316 977
361 316
634 764
425 745
507 228
604 507
430 507
874 183
416 874
299 860
643 19
541 86
191 511
109 168
716 609
935 715
704 371
210 704
87 657
746 630
772 84
50 772
424 23
865 273
190 222
667 190
719 462
2 878
822 867
991 822
230 904
139 910
531 139
355 997
26 355
912 868
290 862
131 28
319 340
12 593
138 667
919 48
484 805
224 484
568 667
638 568
377 568
4 994
899 286
194 111
717 446
255 280
996 255
743 249
871 743
67 871
284 743
521 284
10 933
753 10
434 884
110 325
781 682
463 880
368 491
563 849
489 960
91 979
480 91
116 874
522 144
447 582
25 447
120 896
42 777
54 40
566 793
826 566
949 549
242 135
611 980
981 322
927 981
892 703
555 892
740 545
39 740
219 443
328 219
955 915
983 479
792 983
482 83
906 482
155 906
134 155
315 370
614 676
348 614
362 959
95 927
710 95
388 95
331 448
46 820
435 46
240 435
788 829
776 205
350 754
911 350
261 984
914 346
282 729
815 282
671 282
523 815
794 282
517 754
310 163
688 877
94 804
564 482
986 981
297 967
421 297
799 590
239 999
281 202
931 192
380 931
901 68
921 391
300 400
888 952
96 333
859 69
170 224
837 363
136 513
532 426
260 397
546 825
548 674
199 548
432 274
697 447
700 850
879 700
975 723
917 975
372 917
669 372
628 556
617 798
554 617
206 551
444 748
687 34
951 597
245 715
474 208
814 125
8 923
783 589
51 237
154 231
193 778
403 933
939 403
626 530
101 889
401 61
146 17
946 748
514 946
309 514
559 295
200 267
58 384
354 357
615 596
767 816
802 699
647 349
727 946
929 413
488 455
385 313
619 385
490 400
449 540
114 872
209 14
552 578
366 552
658 366
478 748
79 796
823 550
378 823
684 966
583 932
656 439
277 675
407 463
734 681
897 250
594 774
842 383
668 697
412 891
922 352
659 275
422 369
182 789
543 257
269 457
85 997
415 517
127 840
318 555
232 403
323 153
408 508
70 596
71 93
321 579
332 566
179 696
533 639
835 651
969 556
296 910
677 249
813 47
655 739
104 731
49 749
