-95263.4 (peso da AGM)
275 709
454 709
394 454
771 394
889 771
153 889
853 153
774 853
449 774
796 774
554 796
276 554
972 276
201 972
30 153
825 153
737 853
548 737
735 548
861 548
316 548
314 316
416 861
981 416
857 314
493 735
160 825
265 160
344 265
365 774
675 365
250 276
89 250
78 89
994 78
546 994
16 78
128 16
657 128
985 657
105 16
605 128
598 605
433 598
938 605
724 985
487 724
159 487
822 724
398 822
110 487
18 487
882 18
698 735
297 698
5 297
759 297
820 297
248 820
526 248
115 248
441 820
67 115
349 67
0 349
488 0
359 344
932 359
4 932
610 4
233 610
214 610
69 233
17 69
961 69
881 17
773 881
443 449
874 443
293 443
21 293
516 487
873 4
512 873
420 873
393 773
406 796
828 822
957 828
107 957
483 957
589 483
513 589
819 957
10 819
639 10
948 639
591 639
290 874
653 290
51 653
601 796
264 601
865 601
677 865
731 677
435 488
745 435
962 745
891 962
137 962
699 962
915 724
904 0
839 904
566 961
486 566
856 566
39 486
350 856
439 350
108 350
764 108
900 439
541 900
411 541
813 541
982 541
670 982
25 541
118 25
622 118
703 118
843 622
345 622
715 764
505 715
123 505
232 813
147 232
823 147
837 823
9 147
246 764
758 246
640 108
377 622
638 377
757 377
364 377
74 364
52 74
438 74
728 438
166 438
431 166
87 438
946 87
550 946
97 550
920 550
935 946
378 550
869 946
142 869
397 142
220 397
831 220
630 142
521 550
829 521
90 920
133 142
494 133
807 133
635 807
886 635
509 364
198 509
124 869
952 124
563 952
157 952
761 563
111 157
529 111
472 529
301 472
700 301
923 700
296 923
141 296
463 141
66 463
717 66
136 717
331 136
410 66
238 410
81 238
282 81
402 238
941 410
171 941
507 171
897 507
919 171
241 507
958 171
361 919
545 919
969 545
80 545
569 545
27 569
680 402
609 507
475 609
234 81
824 609
308 824
782 308
898 308
173 410
556 173
79 856
976 563
778 9
662 778
352 662
94 662
858 94
732 778
407 732
954 732
109 778
912 407
418 118
384 418
92 778
492 92
751 492
380 492
850 982
770 463
452 25
103 657
58 622
780 443
606 780
786 606
319 606
612 319
374 780
572 319
332 572
734 332
33 612
787 319
381 332
284 786
633 284
800 633
40 787
791 800
215 612
669 215
943 669
533 943
693 943
338 693
168 693
179 168
351 168
532 351
24 179
424 168
937 424
965 937
963 937
816 937
163 816
552 163
176 552
785 176
666 785
908 69
705 908
1 908
448 705
939 402
844 941
200 844
41 200
119 41
3 844
120 200
8 120
617 8
632 617
445 3
592 8
497 948
62 301
868 62
928 868
767 868
611 767
292 611
523 292
333 147
726 333
683 726
432 683
885 441
311 885
989 441
500 989
766 500
776 989
910 776
229 910
872 229
752 872
152 752
578 152
942 910
203 752
84 203
614 203
842 203
652 842
557 652
283 652
255 563
748 915
196 319
637 214
977 751
375 977
183 977
978 183
511 183
565 293
429 565
540 533
539 540
573 540
847 850
596 847
490 596
536 364
520 536
259 520
817 259
37 675
574 37
71 837
871 71
188 871
707 188
667 699
299 639
955 301
804 955
385 804
710 385
814 908
950 103
966 259
902 333
997 902
708 997
911 997
584 997
815 584
723 301
57 723
473 723
877 473
99 877
650 473
225 650
987 824
451 25
478 731
210 10
518 210
400 210
956 773
607 956
279 607
725 279
925 725
959 0
274 766
266 274
258 274
984 74
326 111
905 326
404 905
470 404
549 470
628 549
413 470
854 413
324 413
466 324
44 725
55 573
204 292
116 204
300 204
72 300
803 72
421 803
396 803
484 396
237 396
884 484
916 791
998 204
221 998
537 891
169 173
645 311
2 529
280 545
329 280
575 280
676 666
158 676
145 158
585 145
372 585
631 372
826 631
252 158
712 115
694 712
838 670
583 985
403 814
845 403
743 845
855 432
936 445
477 936
692 477
251 782
212 251
53 212
376 53
175 376
953 607
408 953
199 408
186 953
462 186
164 443
608 164
125 608
620 707
289 620
567 265
995 466
682 995
949 169
501 949
135 521
602 966
315 111
733 315
253 733
491 315
835 253
644 296
312 644
833 312
189 512
54 189
239 189
799 103
646 959
277 767
98 752
968 98
73 98
14 73
117 73
242 117
453 242
827 242
440 692
798 440
456 565
330 456
213 440
992 847
75 179
392 75
595 493
510 595
714 694
272 803
138 272
245 138
899 138
409 554
489 548
382 489
769 382
185 769
457 0
718 457
561 718
499 41
525 326
355 885
625 823
660 625
721 660
686 645
363 748
211 780
929 211
223 157
231 707
684 510
864 684
178 448
990 885
568 166
862 568
197 2
789 813
151 751
104 637
851 838
465 147
993 465
161 993
150 993
729 161
482 703
508 351
649 508
423 649
792 423
849 792
570 792
979 570
430 979
36 979
879 36
278 879
581 979
134 278
970 278
641 970
793 970
48 793
230 792
139 230
688 21
286 688
887 286
82 406
412 82
347 82
534 82
191 198
177 191
100 198
249 124
216 249
295 501
174 733
555 676
261 555
659 555
367 555
506 367
122 367
576 625
467 576
383 576
527 383
143 383
661 143
531 661
38 531
834 531
951 531
227 531
821 227
805 821
876 861
559 876
362 559
973 362
830 876
379 559
818 379
306 487
689 81
469 886
414 523
744 644
720 778
43 936
459 431
298 457
801 793
927 67
260 261
83 2
746 83
127 825
664 296
553 664
154 553
447 553
658 601
471 429
368 471
313 471
866 471
991 368
502 161
696 502
895 435
446 895
863 895
810 895
547 810
654 547
348 654
808 547
65 808
268 808
947 654
890 65
341 808
986 810
45 502
599 329
91 599
132 91
779 132
673 132
711 566
310 711
665 310
371 57
524 371
353 381
893 371
753 893
980 893
747 353
208 819
535 208
738 299
797 92
360 561
318 313
474 950
263 751
77 293
305 231
46 16
357 46
307 251
269 705
304 269
322 269
190 403
811 98
765 482
194 876
594 214
336 594
170 797
495 876
19 641
165 451
930 982
29 804
106 881
450 242
458 450
405 458
921 405
517 921
586 517
244 724
775 244
593 234
836 593
691 483
395 691
648 395
386 628
428 237
321 220
273 16
271 382
130 824
832 130
243 832
291 243
35 130
909 35
434 909
615 434
671 909
148 671
772 148
334 243
739 291
768 615
442 912
193 895
809 193
228 864
859 941
590 859
101 590
302 125
600 578
415 600
346 861
149 620
722 149
577 394
896 877
309 478
750 309
580 29
892 580
70 633
784 355
31 892
155 31
485 137
219 485
579 219
294 683
181 294
679 513
254 622
741 254
257 254
503 741
262 503
88 254
668 262
47 262
60 503
388 60
156 388
464 946
543 694
303 660
129 259
343 129
49 343
621 49
781 49
68 621
940 129
619 940
975 619
701 619
328 701
184 328
356 173
806 148
558 534
515 404
287 810
131 859
544 131
695 544
907 695
730 131
719 434
903 544
270 142
551 445
34 487
651 907
20 651
162 20
783 20
716 162
867 658
713 716
623 709
6 310
85 6
971 234
860 135
918 398
618 918
762 618
913 918
172 913
647 913
480 874
247 480
498 480
795 122
960 746
740 960
95 740
222 716
182 222
437 182
15 372
760 15
934 448
974 770
64 815
335 729
875 825
113 875
906 625
422 949
479 301
880 52
763 880
32 89
112 577
427 466
195 427
988 586
613 767
656 832
727 544
354 773
63 199
870 752
840 870
888 840
901 870
236 969
964 236
672 473
914 347
848 914
514 848
924 236
999 227
417 956
788 417
504 138
562 453
777 372
704 777
317 958
288 960
444 148
571 276
7 571
983 7
61 983
180 30
86 302
496 903
542 822
391 456
643 174
436 464
126 632
267 800
23 142
616 666
121 616
56 159
481 493
366 523
76 874
697 619
917 697
187 87
945 757
742 784
419 304
587 537
460 539
603 887
455 603
878 603
167 878
530 194
240 530
655 69
627 964
11 551
802 11
604 11
224 802
209 602
749 41
339 90
389 219
812 303
702 367
390 702
597 151
202 311
754 679
140 821
933 850
674 901
736 136
755 195
387 755
687 160
883 439
931 883
706 316
461 683
522 901
102 573
207 102
690 553
50 876
624 958
996 351
519 996
26 996
538 851
967 181
358 478
256 452
370 505
528 370
790 115
323 547
369 857
794 638
399 66
42 379
564 442
325 564
373 703
96 373
894 853
642 894
756 563
342 151
337 342
634 342
685 634
218 921
425 218
59 355
926 59
235 344
846 149
582 380
205 521
217 572
320 923
629 789
281 471
285 224
588 976
626 124
944 210
13 119
560 925
841 560
22 5
681 270
678 832
426 619
852 313
226 352
146 655
206 957
114 788
340 191
663 813
192 698
476 579
12 752
28 307
93 557
468 383
636 97
327 451
401 651
144 964
922 496
