-95088.1 (peso da AGM)
371 927
395 371
795 395
69 795
81 795
974 81
725 974
347 725
254 347
188 347
489 347
83 489
979 83
732 979
173 974
525 173
72 347
359 83
691 525
724 173
505 724
731 724
481 731
998 731
690 998
17 481
968 998
19 17
619 998
278 619
410 278
58 410
447 410
949 359
176 725
318 176
496 254
122 496
97 496
892 496
722 97
71 722
576 71
162 576
597 162
693 576
639 693
623 162
513 623
42 410
899 42
897 899
414 899
528 897
161 528
272 161
52 272
128 52
380 161
468 897
578 468
883 468
904 128
138 414
383 128
522 272
671 161
744 671
760 744
689 760
567 689
981 689
714 760
664 714
261 714
235 714
335 567
400 714
852 689
79 852
662 760
169 235
238 664
282 238
889 282
204 238
896 662
840 896
918 840
366 918
633 889
298 889
670 840
31 670
270 852
771 270
969 771
331 918
357 896
830 357
163 830
386 163
473 163
847 473
573 386
315 163
233 315
614 233
433 847
495 573
64 315
666 64
757 433
796 495
831 567
460 831
584 128
774 584
215 584
234 215
222 774
126 222
337 222
382 774
453 337
349 382
695 382
408 695
2 408
546 408
835 695
416 835
230 416
339 835
942 339
264 942
85 264
57 85
914 57
412 914
289 914
212 289
607 914
312 215
715 312
193 215
82 349
699 349
219 193
887 584
534 887
418 382
420 418
973 420
259 534
109 259
810 259
432 259
344 432
921 259
360 259
116 360
922 116
474 360
483 847
789 483
682 474
986 460
411 986
547 986
98 82
467 98
803 98
99 803
174 99
118 98
461 118
376 803
469 803
149 803
834 98
663 834
828 663
598 828
711 598
794 828
182 598
287 834
363 467
77 98
554 118
687 834
15 687
800 15
267 547
63 380
734 578
705 734
660 699
171 660
332 171
399 332
211 63
139 662
105 835
650 105
341 650
747 105
786 747
293 921
281 660
797 281
629 607
504 63
859 921
157 859
325 859
431 859
186 859
905 186
273 905
158 273
229 186
403 229
86 403
603 403
465 273
868 465
652 431
912 652
770 652
353 770
441 353
858 770
775 858
442 441
117 442
506 442
35 506
103 35
845 103
659 506
523 659
165 523
957 165
829 957
917 523
131 917
7 917
343 659
767 343
184 767
381 343
65 767
609 343
192 609
501 381
140 501
688 117
555 688
59 555
752 770
627 86
641 627
141 641
153 141
150 153
966 150
999 325
808 652
605 775
750 605
226 750
338 750
166 226
304 166
406 166
262 605
950 262
936 950
84 338
269 84
514 269
21 186
956 338
710 775
749 710
618 652
485 618
33 618
970 33
37 33
939 37
455 304
745 455
977 745
13 745
854 917
40 854
822 854
354 854
268 854
419 268
221 419
766 419
14 419
680 822
358 680
759 680
351 680
313 759
632 313
125 358
684 354
148 419
628 148
388 148
877 388
228 877
953 228
463 228
728 228
876 728
681 628
706 148
961 766
194 354
647 603
201 684
180 226
955 86
755 955
776 955
391 859
535 391
397 535
784 397
123 262
954 123
802 954
127 313
721 21
274 808
657 605
642 650
317 642
113 317
488 750
987 267
519 987
959 519
92 671
319 759
451 358
778 451
436 451
39 451
175 39
428 778
429 428
606 429
601 428
241 204
170 241
292 810
291 85
68 291
11 68
244 68
177 244
449 177
5 272
93 5
735 93
768 5
372 93
702 372
611 372
387 702
172 387
195 172
435 195
74 435
994 195
560 195
739 195
667 739
935 611
202 935
815 387
462 994
579 935
595 579
111 667
990 140
916 990
838 990
507 838
881 838
88 881
819 57
596 819
903 711
213 414
906 212
848 760
280 528
645 280
809 280
713 332
487 713
940 487
575 940
43 940
476 487
392 713
873 575
368 226
997 272
855 645
437 855
644 437
423 400
976 423
145 976
466 145
324 466
348 324
709 976
225 709
700 709
517 700
675 709
672 145
867 709
552 554
294 204
901 294
585 901
133 294
600 847
446 600
572 446
60 572
91 60
676 91
364 91
625 676
54 446
310 54
902 54
559 998
923 357
503 923
210 614
46 210
779 46
401 779
790 779
965 790
144 401
512 331
135 512
137 135
811 137
154 811
309 489
454 309
326 135
827 349
16 399
758 235
832 758
880 212
862 880
656 880
989 862
566 989
685 566
736 685
799 736
879 736
946 879
712 946
716 989
377 862
47 377
677 47
3 377
814 716
277 656
885 862
841 3
564 841
849 564
322 849
108 841
330 946
590 330
206 716
367 685
203 849
717 203
78 203
70 717
754 879
891 754
62 862
669 108
668 669
220 668
720 668
147 720
640 147
365 640
765 365
761 220
932 377
425 716
421 163
527 421
971 2
29 640
356 709
604 356
18 604
524 18
87 524
178 87
861 87
246 861
1 246
263 87
991 178
374 246
860 950
938 125
362 938
285 880
32 368
588 446
821 623
844 318
907 354
550 907
561 907
746 550
49 746
610 49
199 610
390 561
851 390
156 851
25 851
653 156
937 228
909 937
726 937
558 726
308 558
993 558
450 993
620 450
51 450
543 51
643 993
286 643
701 286
66 701
826 937
748 826
248 826
727 248
551 727
556 70
958 556
890 556
187 25
142 187
948 356
544 505
532 667
545 195
44 790
772 664
908 772
694 772
110 694
56 694
813 309
398 291
458 273
972 779
594 972
369 594
941 369
249 873
61 728
500 790
531 500
871 531
328 398
866 70
255 866
793 255
967 677
243 967
943 966
26 367
73 26
168 32
427 168
181 261
470 83
818 304
624 669
944 551
492 944
988 944
893 988
980 893
574 980
373 980
571 373
4 571
276 988
586 944
499 387
167 157
686 264
417 868
143 417
931 202
250 997
340 250
8 340
919 122
296 670
146 296
540 437
237 540
407 540
155 400
271 155
89 710
615 89
120 615
719 619
617 641
502 617
106 502
787 106
38 617
743 38
704 724
782 704
102 308
227 113
183 227
20 183
737 401
626 14
217 626
741 626
964 822
913 964
536 412
703 701
801 476
378 801
260 378
589 260
516 260
121 162
300 714
751 660
824 751
471 751
769 987
869 37
430 291
529 430
305 15
621 88
336 8
872 336
23 650
424 574
833 424
730 424
777 424
0 833
164 0
518 164
843 164
740 669
631 740
352 700
864 309
94 990
256 229
101 256
673 101
837 673
856 673
723 856
394 256
197 394
635 197
130 991
984 79
434 145
329 434
252 329
295 667
393 339
257 116
179 367
696 179
370 696
444 370
947 370
240 444
928 240
236 947
570 447
900 169
413 393
494 734
245 125
820 741
247 820
541 344
160 758
311 160
874 311
321 160
200 160
379 874
886 160
807 311
678 673
825 128
350 287
189 350
898 350
870 394
762 800
764 838
780 392
475 780
493 780
100 475
112 100
563 780
945 563
448 403
882 183
41 867
232 955
209 189
982 827
132 982
934 335
888 378
299 194
850 299
692 300
995 692
884 619
422 625
302 422
107 302
95 406
297 260
497 162
216 381
491 44
384 3
805 626
440 998
577 728
409 176
136 412
553 230
301 734
612 989
708 664
557 228
104 557
34 717
314 585
587 314
636 587
846 700
185 734
283 720
279 966
791 279
679 791
865 130
266 85
658 607
661 102
306 661
924 306
242 570
634 882
439 634
239 634
894 239
520 15
405 428
316 311
457 316
205 20
920 524
510 313
537 892
836 537
651 836
389 52
190 389
472 238
48 694
773 48
486 113
515 653
404 166
738 714
80 738
788 805
509 512
55 467
30 55
327 716
602 327
568 625
763 568
96 110
76 96
208 890
303 754
438 950
320 438
542 574
27 706
933 27
857 933
549 432
697 130
646 697
539 173
783 604
792 447
565 792
196 577
930 196
530 196
925 244
951 935
583 928
361 177
812 361
402 886
839 228
853 348
581 848
569 127
75 310
804 577
599 328
996 678
798 996
152 996
452 798
333 996
10 85
385 430
119 385
67 119
207 274
198 385
445 888
223 445
992 621
911 520
151 911
654 405
231 298
978 900
464 636
484 464
960 410
443 605
218 723
842 514
952 721
638 952
698 638
36 92
926 327
521 651
342 521
275 635
90 857
396 799
346 125
478 193
816 536
129 816
655 787
910 655
753 910
284 126
582 813
482 204
756 322
498 186
53 589
12 728
115 928
613 720
915 484
608 915
533 314
729 239
6 685
24 373
508 516
548 636
9 933
806 679
630 806
526 630
875 184
592 719
962 15
637 12
975 729
426 843
983 296
114 35
580 548
288 580
459 220
22 242
28 533
323 787
622 861
707 174
480 771
985 476
224 684
355 457
307 116
665 483
593 724
785 382
538 840
50 763
591 171
490 830
674 490
648 674
258 185
253 599
895 968
823 266
290 814
929 85
124 75
963 594
251 203
817 666
45 540
683 196
334 619
159 574
265 743
345 318
863 946
616 476
742 430
375 252
456 658
733 784
562 512
477 715
191 60
511 183
649 162
214 757
134 658
781 68
415 208
479 378
878 937
718 194
