-95010.8 (peso da AGM)
365 567
12 365
80 12
892 567
84 892
702 80
930 702
534 365
619 534
797 619
147 797
383 147
252 147
342 147
401 534
99 797
716 401
675 99
234 675
625 99
728 342
572 534
110 252
934 110
816 934
910 625
354 910
817 354
852 934
107 852
750 252
59 750
441 750
515 441
719 750
83 716
739 83
596 83
757 739
911 739
240 911
225 567
331 515
896 252
748 896
703 896
882 748
449 882
367 449
993 882
389 993
57 993
440 882
14 440
608 14
258 608
324 440
954 324
662 954
497 662
409 662
533 497
824 533
175 14
920 497
889 608
412 889
129 440
837 129
798 837
791 57
720 882
933 175
519 933
595 933
604 595
323 604
923 604
659 923
271 604
229 271
470 271
347 470
836 347
751 347
721 751
823 751
825 721
6 825
118 751
742 836
471 742
7 471
658 7
562 658
615 412
695 615
513 742
713 513
340 713
790 340
787 790
490 787
351 787
297 513
209 297
399 209
247 297
35 247
363 247
747 363
469 747
969 747
191 469
807 969
298 969
891 298
326 490
576 326
718 326
263 718
926 695
770 926
381 659
488 381
436 381
194 436
260 449
530 260
29 530
799 29
763 799
433 799
452 763
130 452
492 799
894 492
693 492
484 260
573 894
902 530
127 902
463 127
315 902
714 902
956 130
731 956
476 731
249 956
197 763
652 197
355 652
992 652
967 355
539 652
858 652
467 992
150 467
105 539
712 105
821 742
356 389
390 770
818 258
332 818
0 818
281 818
872 0
183 872
391 872
70 391
600 391
500 70
220 500
549 220
972 500
243 972
936 243
41 936
429 41
898 549
590 898
142 898
265 142
668 0
809 668
786 668
267 265
207 267
498 207
632 498
456 600
143 898
157 267
466 41
952 466
853 952
987 853
753 987
443 753
617 443
102 617
284 617
338 443
577 338
89 102
762 753
181 753
843 443
88 843
148 88
901 88
119 148
978 901
526 978
502 901
27 502
544 27
663 148
624 663
771 544
283 771
450 283
558 450
184 450
192 184
310 192
522 310
496 522
543 496
454 543
681 454
288 663
125 753
943 125
538 943
485 125
79 454
85 544
881 85
53 538
438 53
132 438
963 132
503 438
159 503
4 159
135 4
766 4
899 766
931 766
865 766
886 4
929 886
362 929
410 929
789 4
532 789
788 789
481 789
71 481
109 71
124 109
520 124
672 520
915 963
327 125
274 526
885 274
925 885
524 885
912 524
172 524
785 925
270 785
368 663
905 538
30 905
525 30
237 881
339 368
555 485
870 894
370 870
939 370
94 939
985 939
447 362
794 447
546 794
424 546
986 794
517 424
996 517
501 517
279 501
847 501
287 847
784 287
480 847
120 480
350 784
772 847
242 424
686 242
667 242
838 667
300 838
61 300
726 242
185 726
377 667
231 377
17 772
415 17
673 17
635 412
15 712
93 809
937 93
400 658
392 400
149 392
651 149
451 149
906 392
646 906
706 646
44 706
777 44
511 44
628 706
955 628
280 628
439 651
167 439
33 167
244 33
678 244
435 194
177 662
666 617
359 992
103 359
947 279
831 33
685 831
165 831
224 685
459 480
552 459
188 459
948 188
715 188
238 920
156 440
999 156
516 44
121 516
740 954
106 231
691 106
559 691
614 559
958 614
783 958
489 614
117 489
569 958
827 559
366 614
388 366
20 827
337 569
840 388
640 840
599 640
397 840
545 397
69 397
621 69
922 621
257 922
961 415
200 392
282 200
98 282
55 340
58 766
689 287
717 513
50 717
373 923
696 373
765 696
793 696
641 793
645 702
606 645
73 606
856 606
1 856
189 1
116 189
205 116
416 205
570 1
372 570
176 372
293 372
746 1
845 746
404 845
163 293
857 689
775 606
867 775
202 244
431 202
422 431
113 422
414 825
474 414
661 414
800 824
325 800
764 800
241 325
151 241
578 241
547 578
453 267
761 453
550 453
428 550
949 550
396 949
187 753
850 187
535 850
677 187
601 187
491 187
420 491
330 491
979 491
253 979
752 330
895 850
627 420
286 187
755 286
778 755
556 755
483 556
318 483
727 318
684 727
756 483
128 756
744 128
945 778
508 556
859 508
48 859
261 48
607 261
446 607
437 744
22 120
863 677
574 863
182 574
741 574
164 863
190 116
656 190
585 351
36 431
475 36
650 475
343 650
294 343
944 343
806 944
913 944
970 294
314 970
876 970
213 343
473 213
173 972
178 59
776 913
40 776
430 961
869 430
464 869
591 469
161 591
478 161
9 478
907 9
115 161
514 591
903 9
349 470
964 349
313 478
699 29
10 996
924 10
67 416
477 67
980 706
264 200
8 899
844 8
626 662
966 524
364 966
749 364
953 966
773 953
217 773
866 217
379 866
990 379
710 990
531 217
232 531
622 232
426 232
729 892
730 572
829 730
732 829
275 732
393 730
329 730
305 329
311 305
887 275
376 275
445 376
60 478
353 621
598 55
472 598
134 598
709 472
361 709
462 709
499 732
647 499
248 647
432 899
563 432
916 492
387 916
378 387
112 387
928 351
307 412
335 83
405 241
839 405
427 405
946 150
705 946
201 705
523 705
259 225
618 751
592 618
495 618
303 907
24 996
725 755
166 231
221 166
548 716
421 548
629 258
72 629
233 72
688 797
734 939
842 734
537 646
140 261
620 140
743 620
423 743
384 620
236 620
210 967
692 210
123 692
833 692
808 59
982 786
198 882
643 303
814 748
250 280
28 197
62 28
54 62
51 62
819 51
723 537
95 705
317 421
733 831
612 236
23 207
812 23
328 812
493 23
96 493
506 96
745 493
879 745
104 281
226 901
908 226
613 226
455 226
19 337
168 881
141 480
239 141
654 239
962 654
616 253
880 607
597 70
216 495
215 511
536 446
724 889
792 724
468 792
779 468
460 779
18 460
657 724
486 779
230 850
557 210
811 557
341 557
582 98
322 582
873 582
584 929
386 493
774 386
649 898
45 649
820 60
653 820
700 820
203 99
262 149
179 262
180 262
336 992
133 336
2 133
888 365
411 888
594 953
196 627
968 270
527 968
77 527
76 342
206 76
708 967
74 708
828 74
796 828
586 905
975 586
38 311
848 38
255 848
312 89
299 363
479 312
345 746
701 345
277 401
268 277
100 549
398 881
897 519
169 897
868 785
251 912
507 508
674 345
529 721
698 53
26 745
122 26
395 247
904 395
25 513
768 435
861 768
406 861
760 861
510 768
997 510
320 997
290 997
333 38
834 718
669 548
87 169
31 87
851 31
735 851
736 788
846 736
171 846
296 329
154 296
566 154
457 566
195 183
219 225
52 424
593 845
153 593
841 353
302 280
900 315
385 531
162 910
235 808
465 235
509 397
938 210
360 255
382 522
864 821
860 864
801 517
276 757
893 276
874 873
32 858
603 470
805 161
711 805
971 711
795 971
374 689
994 58
81 994
408 45
803 408
223 247
266 368
5 570
995 262
871 526
919 871
855 517
245 855
671 245
358 708
309 507
623 359
158 882
90 158
91 158
212 617
304 212
371 304
581 371
738 280
111 738
63 427
918 719
940 632
977 956
767 977
256 977
521 256
950 521
854 950
417 854
694 767
126 694
174 126
914 417
419 914
504 419
21 396
114 21
136 114
369 462
665 369
170 771
218 170
82 793
541 82
942 541
380 942
34 891
301 868
47 506
587 47
49 587
583 49
542 587
849 833
43 849
505 493
564 954
46 69
146 406
137 146
633 926
664 705
983 664
68 983
334 843
144 757
319 106
813 546
560 775
878 189
609 68
676 609
344 9
835 344
64 661
568 550
66 468
804 792
877 81
909 626
579 170
278 579
973 866
138 126
890 615
155 890
528 890
211 774
687 903
707 890
357 707
670 566
403 0
883 833
13 676
346 14
682 346
960 79
418 960
862 814
974 55
407 347
754 536
679 591
97 110
37 176
984 877
273 552
295 909
254 299
998 847
561 582
101 609
631 852
680 405
16 176
394 756
932 803
199 84
884 199
580 884
921 580
482 604
39 893
683 114
782 305
826 556
131 213
152 823
208 675
518 208
554 754
289 848
976 289
3 679
316 596
965 842
927 861
602 927
822 602
589 822
246 822
644 246
655 927
375 655
402 375
461 402
642 822
269 945
348 454
781 592
540 288
802 925
434 411
425 191
145 96
272 926
605 757
951 39
610 951
42 610
487 353
830 487
660 256
565 842
637 71
780 743
285 45
648 821
291 648
988 747
815 785
697 951
957 763
989 293
575 993
228 541
636 727
108 414
413 557
139 413
553 729
65 937
448 335
690 957
227 111
832 644
630 340
722 708
611 794
991 649
634 341
638 634
769 706
186 769
78 364
222 590
551 753
875 269
759 875
92 842
959 790
306 959
494 549
160 959
941 800
639 167
292 276
588 6
810 614
981 202
75 326
444 75
917 633
204 520
442 128
56 843
458 551
352 333
308 359
704 308
758 92
214 197
737 162
512 305
86 420
935 376
193 822
571 877
321 589
11 78
