-95170.9 (peso da AGM)
213 856
498 213
299 498
894 299
126 894
456 126
733 299
377 213
678 456
905 377
139 377
45 126
811 45
691 811
153 45
486 153
586 153
870 486
217 586
436 811
407 691
67 436
759 436
664 67
219 664
106 219
433 664
421 436
119 456
537 456
563 537
236 537
568 236
938 568
475 537
646 475
790 236
565 691
435 565
332 565
44 332
127 435
128 811
261 407
995 261
556 995
360 995
899 360
22 556
753 128
519 753
512 407
404 512
676 790
703 676
933 519
731 933
896 933
654 896
109 654
545 109
294 565
620 899
53 620
802 620
835 802
744 802
862 744
895 744
78 744
117 895
553 744
593 553
184 78
389 184
125 389
172 125
791 125
527 172
927 527
70 927
278 70
631 278
238 631
467 238
403 467
921 403
306 403
387 306
735 921
372 735
592 372
324 735
913 735
725 172
432 725
161 432
79 161
600 161
356 600
562 356
673 600
619 600
246 562
773 246
231 592
514 467
793 600
822 913
667 822
64 403
446 64
924 446
820 924
522 924
485 820
138 522
386 485
842 386
298 386
996 485
241 996
410 241
136 410
602 410
66 136
973 66
564 973
65 564
399 65
765 70
889 172
478 485
221 432
13 221
234 372
961 735
463 125
892 463
157 463
959 403
37 602
675 37
578 675
466 675
118 466
495 118
709 495
971 709
16 971
248 971
926 971
935 466
354 935
507 354
900 971
346 900
253 248
336 253
576 926
981 576
742 900
244 578
850 324
134 241
660 134
286 660
247 134
348 247
8 134
608 286
479 247
47 479
330 47
955 330
302 330
626 302
242 626
74 242
798 626
255 798
227 798
150 255
526 47
880 798
751 880
539 751
916 798
650 479
151 650
704 151
374 704
368 704
210 151
202 210
73 202
162 202
304 162
177 162
940 177
33 650
853 33
682 853
521 853
340 682
233 682
425 521
18 233
171 150
339 751
558 171
687 558
199 348
749 199
643 199
143 643
845 143
275 143
970 275
94 970
39 199
509 39
502 39
815 539
771 916
273 150
873 273
713 273
844 713
705 844
394 705
988 394
287 705
362 988
937 362
465 937
491 287
623 287
359 362
430 202
35 430
732 35
424 177
408 424
923 408
603 923
757 603
808 757
617 603
503 808
524 808
182 923
41 182
77 41
707 77
429 707
670 429
893 670
85 182
956 424
293 956
922 956
883 922
232 883
259 922
365 259
413 365
373 413
912 373
583 373
724 373
969 232
589 969
951 969
541 589
821 589
59 821
335 821
235 259
755 969
170 365
376 170
918 376
745 918
570 376
872 171
68 872
15 68
165 15
830 165
229 830
520 15
758 520
431 758
869 431
95 869
265 95
397 265
483 265
218 265
641 520
692 641
775 641
381 775
472 775
560 472
181 830
191 830
428 520
776 210
54 707
950 408
280 521
760 280
311 760
80 771
168 758
352 880
805 564
4 805
779 4
601 4
849 601
196 4
313 849
155 313
934 155
767 4
484 767
144 601
638 144
831 144
666 831
27 666
205 831
5 4
531 27
920 394
206 970
474 206
792 474
183 206
587 206
860 587
647 587
385 779
762 791
571 762
795 571
859 795
629 859
353 629
649 859
83 853
215 83
518 431
193 518
438 193
400 193
919 687
307 193
991 307
677 307
706 677
855 677
511 39
418 869
785 418
917 927
87 917
412 87
625 951
653 625
383 306
598 383
115 598
285 598
411 959
34 411
685 411
364 685
787 364
159 787
378 787
547 685
728 378
496 685
154 728
596 378
349 596
569 378
672 378
748 349
26 748
929 26
823 929
297 823
416 26
838 416
487 838
998 487
614 569
443 614
615 443
582 615
146 615
574 582
734 582
32 443
197 32
2 197
663 574
149 443
717 149
708 717
581 717
688 146
662 146
160 663
337 688
968 8
295 443
391 295
915 295
245 915
111 915
375 295
99 375
420 99
782 420
489 111
575 880
388 575
591 388
167 280
671 246
90 673
866 183
334 866
825 68
818 912
279 619
451 641
30 64
882 30
453 882
89 882
455 89
700 30
651 709
342 647
658 342
942 537
833 615
566 833
622 420
51 622
865 622
345 853
752 241
437 752
613 437
549 752
163 549
347 163
396 347
427 347
977 427
621 65
309 621
644 309
224 278
296 224
501 443
473 489
395 489
156 793
684 156
590 438
76 590
326 894
976 304
994 976
104 994
754 242
898 754
289 754
350 522
17 334
723 349
871 723
56 723
891 56
225 56
931 56
305 225
756 305
957 756
679 350
103 700
173 103
266 103
989 103
43 989
914 989
322 641
907 322
179 988
185 821
58 487
610 58
618 610
788 618
267 788
312 267
681 610
256 681
657 681
761 411
925 761
100 925
308 925
612 308
212 612
481 612
974 612
198 563
358 198
148 358
847 148
813 148
464 813
116 464
637 116
698 464
902 637
840 902
194 637
764 148
426 413
86 426
61 426
268 751
693 268
29 693
534 29
766 693
505 693
6 505
528 693
529 531
120 529
689 194
874 689
906 873
879 896
573 879
768 573
778 768
885 778
292 879
129 724
606 129
711 129
445 711
504 711
848 713
944 663
580 845
739 289
888 280
832 74
806 308
567 413
458 295
122 790
369 362
101 733
836 101
986 836
697 986
997 101
251 18
476 221
249 653
97 249
323 491
640 323
187 323
632 378
843 632
319 632
965 319
648 766
283 648
829 312
655 697
730 655
548 730
63 548
220 548
11 548
269 11
966 269
468 966
492 165
668 492
423 968
3 425
686 666
343 686
351 343
812 351
911 969
42 911
727 197
419 727
405 925
460 840
985 385
809 985
132 809
722 985
133 68
579 133
448 579
990 448
414 579
327 644
982 327
763 935
908 768
962 908
999 962
14 962
543 14
975 962
310 999
746 962
434 198
858 657
282 858
357 282
401 357
203 626
680 203
186 54
211 927
839 570
983 757
954 983
960 954
371 73
716 371
21 716
780 21
409 716
992 409
260 716
696 358
824 940
585 824
200 640
317 735
774 317
517 317
599 668
616 599
105 616
49 616
88 960
695 231
552 695
276 552
701 276
402 701
75 552
953 552
801 953
535 801
804 535
794 692
729 794
62 794
851 62
817 794
948 670
243 16
910 724
979 910
25 910
634 229
710 191
554 860
877 233
884 65
370 884
841 872
897 841
609 841
216 871
497 492
121 497
379 497
192 356
48 217
147 48
102 147
1 416
636 889
627 165
281 613
108 281
91 215
930 940
0 369
499 39
584 173
398 251
82 948
901 151
169 901
993 773
367 993
124 993
204 124
40 324
50 707
393 50
932 345
272 932
180 256
572 97
314 572
854 314
747 314
209 572
721 841
516 324
164 849
452 164
642 221
137 642
837 317
741 568
540 741
772 540
93 571
656 553
331 322
112 739
852 112
594 852
417 852
361 417
510 753
284 510
605 510
328 605
344 328
500 849
262 500
980 262
392 474
135 181
462 847
145 462
810 462
493 810
480 385
303 507
690 37
538 866
46 844
846 901
777 846
683 209
800 679
230 53
110 683
207 552
624 207
382 591
290 173
81 290
301 443
770 301
10 948
630 73
786 630
743 74
113 768
784 113
69 784
140 69
38 58
72 202
639 163
943 639
175 411
459 521
532 582
208 40
863 4
868 335
963 868
699 979
861 3
530 48
257 82
338 755
628 169
714 859
719 768
964 872
315 719
341 100
881 351
826 256
967 826
789 826
827 826
807 983
123 807
20 123
195 20
712 54
797 901
96 199
694 849
867 724
158 791
142 942
406 784
588 406
597 353
702 597
550 702
783 787
595 783
300 747
318 495
19 318
828 753
738 347
92 749
222 348
131 788
415 216
544 182
36 544
715 568
941 232
736 619
471 757
952 471
444 364
258 703
141 258
506 141
542 628
669 129
274 388
316 892
439 434
470 763
555 804
781 526
254 538
28 676
508 254
488 508
270 901
477 270
384 588
987 192
57 794
577 286
98 913
887 120
890 521
277 25
457 58
271 911
288 966
909 288
936 636
494 119
264 494
333 327
355 810
857 353
52 310
23 734
107 840
250 632
7 518
904 210
875 904
450 248
718 653
469 260
533 443
674 660
226 679
440 94
559 234
750 103
325 750
903 954
9 403
482 9
945 118
659 224
363 659
665 57
422 665
71 244
442 71
661 437
886 661
958 661
60 574
174 778
947 804
461 765
551 867
546 551
390 295
611 191
633 548
441 633
740 633
454 740
321 526
834 321
561 736
329 776
84 527
449 442
490 703
769 124
239 769
946 239
652 30
513 3
515 705
228 985
178 603
366 501
864 812
166 368
635 778
720 993
878 646
799 585
928 79
252 756
214 351
557 214
984 544
320 272
737 924
55 739
201 55
939 55
645 361
536 261
188 386
816 638
447 905
291 916
876 547
24 339
604 290
237 139
152 837
814 642
525 720
523 525
130 140
726 300
978 392
263 978
189 418
803 250
114 259
12 553
223 947
819 554
949 531
176 333
380 60
31 314
796 82
190 867
607 584
240 827
972 18
