-95387.5 (peso da AGM)
284 497
40 497
337 40
849 497
801 849
944 849
166 944
528 166
899 166
671 166
62 899
511 801
964 511
319 964
32 964
987 319
111 32
721 987
882 32
599 111
712 599
274 599
835 987
962 987
523 962
672 523
157 319
457 962
992 962
118 992
539 992
388 511
941 166
127 941
184 127
87 184
171 87
609 941
600 609
827 600
454 827
923 454
791 454
503 791
931 503
255 791
575 255
605 791
856 609
568 127
260 568
128 260
491 260
447 171
443 447
886 443
275 886
378 886
234 378
913 234
674 234
783 275
740 783
13 740
951 13
219 951
291 219
100 291
71 378
22 71
362 100
815 362
748 815
266 815
988 362
272 674
646 272
487 13
382 815
225 13
788 13
690 378
860 291
861 748
625 487
147 275
469 860
456 503
325 740
878 690
545 878
494 605
999 494
829 999
397 829
845 999
629 829
718 845
218 845
480 218
750 629
67 218
737 67
136 388
368 737
505 368
521 505
112 505
401 112
408 112
765 408
621 765
226 621
883 621
306 883
822 306
644 226
231 644
855 644
393 855
638 644
236 638
33 236
455 393
759 33
766 759
940 766
561 940
426 561
635 426
404 426
346 426
868 346
89 638
636 89
377 636
976 855
784 976
742 784
88 742
920 644
437 635
11 437
370 976
320 638
934 766
353 934
519 353
478 11
612 766
821 976
239 821
264 239
141 742
978 141
159 978
970 159
642 225
515 159
527 515
551 765
177 551
396 551
289 177
862 177
26 289
347 26
160 26
929 160
31 382
339 31
817 339
65 817
956 65
389 817
590 389
980 339
131 980
223 131
21 131
592 131
366 592
431 366
230 817
150 131
736 223
373 21
639 568
937 639
83 639
310 937
96 310
704 96
840 83
471 840
810 83
786 515
81 786
804 786
208 81
683 804
518 786
64 849
249 539
351 249
679 351
244 679
695 249
12 695
424 695
307 12
227 424
391 227
844 391
180 227
874 455
809 874
865 404
603 865
513 603
666 603
103 666
323 513
841 103
622 603
778 622
287 778
90 287
557 778
708 90
643 708
872 90
707 872
473 707
201 708
105 201
582 473
508 672
957 508
245 957
39 245
702 39
630 702
564 702
990 630
653 702
979 39
769 979
390 769
19 979
724 19
333 19
617 19
553 617
190 617
555 702
675 555
294 675
802 294
436 802
971 802
554 802
308 554
164 308
655 294
814 564
562 814
402 555
911 190
493 911
887 493
179 887
585 179
871 19
301 860
974 301
119 562
532 119
881 532
318 119
885 81
187 119
735 187
717 885
967 717
46 967
461 46
246 164
375 246
686 375
498 686
924 498
946 924
97 924
281 924
20 924
909 20
499 909
851 281
107 851
299 851
661 107
367 661
399 690
451 399
959 451
706 451
947 706
850 947
715 850
383 715
188 706
282 383
486 383
973 451
898 973
709 898
781 973
566 781
673 566
407 566
890 407
884 781
777 131
509 777
754 992
149 886
749 149
833 749
343 749
880 343
360 880
217 343
54 217
949 54
317 54
859 317
588 54
640 588
669 859
677 588
114 949
729 588
252 729
805 859
593 805
793 114
954 793
195 954
238 195
731 238
416 195
500 593
984 500
34 984
137 500
358 137
587 34
185 587
534 587
752 534
730 534
596 752
922 534
688 922
936 596
48 534
229 48
25 229
943 25
126 25
330 126
753 330
448 753
906 448
583 448
376 583
650 583
43 583
458 137
713 500
483 906
632 730
463 330
942 463
902 942
359 902
953 359
975 359
502 975
169 502
14 169
352 359
449 359
476 449
544 476
482 544
235 953
558 169
507 558
516 558
541 558
985 541
794 975
145 794
220 145
667 794
495 667
762 220
776 762
547 667
57 499
529 57
660 529
574 660
92 529
963 574
972 963
371 660
63 371
342 63
991 660
355 342
738 355
694 738
993 694
329 993
277 991
938 277
285 938
651 972
537 651
728 651
831 728
283 831
156 355
858 367
571 48
129 571
181 129
846 805
468 437
768 463
548 768
152 131
645 951
543 225
446 150
297 367
464 297
619 464
86 707
429 126
298 429
45 429
602 298
442 602
492 602
986 938
823 986
710 823
210 823
163 210
174 163
400 986
912 710
453 912
950 391
133 159
611 33
631 590
38 872
175 38
79 753
42 119
894 179
120 227
751 120
488 83
586 488
678 586
682 678
567 493
969 567
598 969
901 598
176 901
866 176
637 866
613 637
82 637
608 82
552 176
475 567
919 613
977 919
438 977
336 438
215 438
648 919
270 648
787 648
191 567
910 191
903 191
98 191
155 401
233 155
290 822
36 290
720 36
37 561
741 37
445 940
627 219
732 627
52 611
365 619
470 365
403 367
790 403
70 846
958 70
698 70
689 704
467 689
242 467
345 242
798 345
714 242
59 242
328 721
489 328
197 489
251 197
869 251
832 869
807 869
409 590
485 596
573 260
879 573
761 879
914 829
800 507
280 800
526 89
907 526
379 63
641 318
839 946
917 839
767 839
300 767
7 67
80 7
826 7
522 962
654 522
989 654
142 654
550 142
130 550
372 522
288 989
421 288
338 550
755 959
982 752
422 982
722 176
668 598
428 147
23 428
745 23
542 428
572 542
806 26
792 475
257 792
162 722
770 463
705 770
224 705
324 224
51 770
838 51
15 838
56 467
626 298
10 626
170 899
697 97
434 697
384 697
199 697
925 434
414 925
55 384
167 55
75 167
893 55
35 893
254 35
824 254
935 35
474 935
847 474
685 474
459 474
29 474
779 459
76 779
364 673
243 459
361 555
427 361
525 107
196 525
5 89
417 5
771 397
952 487
140 952
968 909
803 666
897 803
240 833
633 562
836 633
812 836
452 812
591 551
928 328
465 815
94 465
247 94
302 247
386 302
173 386
178 173
6 247
99 6
744 178
733 744
168 492
892 168
28 168
837 892
4 837
939 4
948 939
91 163
966 882
232 977
77 666
311 94
30 15
889 45
739 689
763 762
998 77
305 998
579 427
418 511
873 347
530 873
960 530
117 650
618 871
313 618
816 313
125 313
151 588
78 151
0 78
795 78
877 78
248 795
760 795
432 248
304 432
356 29
1 497
354 1
570 1
520 354
50 618
577 208
876 698
60 218
49 60
425 973
237 425
700 847
435 700
692 197
348 188
460 943
696 460
811 11
309 811
758 811
350 758
161 758
842 21
983 842
144 983
820 144
578 144
620 983
9 677
863 998
656 638
945 656
363 692
819 174
303 819
108 303
200 303
58 912
828 58
295 550
268 295
719 295
995 719
594 995
263 594
853 263
380 263
496 946
109 496
531 975
854 229
267 246
818 473
405 350
538 437
780 629
799 780
293 780
193 571
932 763
510 208
517 973
315 499
895 237
905 36
420 460
726 925
825 697
104 825
278 405
663 278
535 663
687 278
867 687
723 320
413 325
3 706
194 3
123 194
121 100
852 121
658 502
484 62
17 13
512 611
138 512
228 646
601 40
84 700
331 625
589 710
411 694
256 437
334 532
757 173
965 619
27 965
183 965
546 27
649 371
693 682
857 612
113 43
16 248
216 715
477 216
580 216
524 216
701 899
387 38
203 704
662 203
725 662
490 662
73 725
921 73
584 921
900 409
961 968
610 137
296 610
927 923
670 927
116 646
374 987
703 99
746 374
95 746
419 742
262 732
209 787
110 539
615 43
716 71
158 522
441 158
394 255
559 305
563 559
322 759
271 322
189 271
143 271
122 373
888 119
996 878
106 878
279 106
462 325
536 220
344 612
406 344
955 344
276 368
916 276
440 276
153 929
74 529
101 883
423 101
124 971
148 805
273 838
269 273
501 293
326 501
444 326
430 444
864 959
202 857
292 980
623 292
24 623
172 940
18 489
207 18
604 811
349 974
549 153
813 549
930 813
684 813
253 485
250 273
134 39
533 134
727 533
904 683
785 690
68 687
830 68
540 477
139 540
205 468
316 630
192 561
764 192
576 764
747 576
93 747
657 308
332 657
481 332
595 532
796 693
981 63
312 981
341 425
450 246
691 51
997 311
44 527
581 794
381 149
335 815
926 237
204 593
891 529
624 891
834 624
327 633
222 327
72 222
659 327
261 855
843 500
2 866
433 536
918 433
756 830
466 147
875 524
340 107
773 910
514 332
616 417
560 616
258 560
241 970
154 862
994 799
392 994
606 515
259 977
933 463
211 926
182 211
775 905
321 308
614 409
711 407
734 289
47 734
652 389
896 262
597 285
165 927
206 899
357 35
214 357
385 501
634 385
395 490
212 52
848 434
569 241
135 327
146 84
472 239
53 842
8 230
607 756
772 619
439 671
102 727
213 8
69 213
504 604
556 56
743 264
398 615
132 906
265 87
676 519
314 304
369 751
479 538
797 629
647 292
412 949
61 412
565 853
221 817
808 325
782 719
915 488
41 846
628 739
774 132
186 332
699 875
410 638
415 669
286 651
506 519
66 799
789 258
665 462
115 202
681 460
870 170
664 766
198 196
85 122
908 646
680 734
