-94931.6 (peso da AGM)
143 353
527 143
312 527
908 312
556 908
928 908
479 908
126 479
842 126
347 842
703 347
466 703
882 466
12 466
653 12
144 347
427 144
37 653
712 37
433 712
416 433
102 416
116 712
511 353
64 427
8 312
999 8
346 999
352 999
602 352
410 352
520 410
577 602
316 577
691 316
107 316
243 691
192 107
877 192
954 877
980 352
491 980
35 491
310 410
996 346
409 996
966 409
730 409
938 730
581 938
400 966
899 400
549 400
23 549
759 549
131 759
307 131
825 307
123 899
717 409
214 307
447 214
98 214
689 214
465 98
260 465
803 260
833 689
60 833
573 833
263 803
986 263
758 986
494 758
343 263
495 986
924 495
692 263
898 692
940 447
942 131
155 942
906 155
983 825
191 983
590 717
152 310
412 152
822 152
756 191
204 756
329 756
112 329
48 112
639 48
560 639
521 639
55 521
291 521
610 639
289 610
32 289
880 32
422 32
451 422
379 422
920 880
82 920
974 112
244 974
597 244
211 244
614 244
872 614
807 614
991 807
118 991
230 118
972 597
174 972
73 174
136 73
676 174
844 676
480 174
184 480
4 184
108 4
209 4
342 136
663 342
161 663
279 136
596 279
250 596
884 161
998 884
535 807
223 535
182 223
33 182
357 422
580 357
632 422
874 161
75 874
492 75
848 492
59 75
694 75
384 694
867 694
909 422
356 909
84 356
336 123
18 336
233 966
988 233
366 988
618 366
501 233
739 501
290 803
600 618
652 600
926 600
791 926
62 791
130 62
919 62
547 919
300 547
419 547
30 300
749 30
525 30
724 130
664 724
454 664
323 454
814 323
517 323
304 517
875 517
272 875
25 272
141 875
286 323
622 304
531 622
121 531
52 121
743 52
309 121
124 309
266 124
90 304
41 25
707 41
968 814
22 968
459 968
298 459
630 22
38 630
973 630
783 38
293 531
509 630
404 600
220 404
629 323
544 629
793 544
259 793
967 259
555 967
319 555
930 259
911 930
436 911
114 436
944 114
168 944
226 967
598 226
719 436
706 719
584 706
559 706
672 584
704 706
425 793
563 944
569 563
162 559
146 162
139 425
594 139
889 594
380 889
685 380
714 889
434 714
701 714
101 701
65 101
488 434
165 488
365 165
172 101
990 65
369 990
83 685
295 701
515 874
828 286
201 828
137 201
385 137
576 137
496 385
405 576
354 405
269 354
490 291
418 490
213 490
93 213
695 93
866 695
362 93
945 866
221 362
834 362
149 834
774 560
855 774
351 855
567 855
781 567
29 567
827 774
523 827
285 523
540 781
277 540
918 540
74 918
276 74
478 276
770 478
471 770
26 213
566 26
467 307
463 672
747 463
682 747
361 747
89 682
40 89
932 40
468 40
135 89
171 23
88 171
317 171
644 88
574 996
534 874
92 534
394 749
218 277
186 218
236 218
856 218
428 218
340 590
728 272
615 309
978 385
80 978
67 279
190 67
518 672
373 581
392 574
794 392
322 794
440 322
925 440
604 322
537 794
913 537
621 913
952 621
207 952
49 207
142 952
713 537
473 322
189 473
977 952
741 977
417 741
69 977
761 69
690 761
957 739
245 957
183 245
115 957
841 245
262 841
823 841
931 841
886 262
498 841
377 498
222 377
170 222
767 170
460 767
50 170
565 823
548 222
429 548
768 429
907 768
426 50
94 245
519 94
792 519
885 792
670 429
810 670
321 810
313 810
120 313
87 823
649 429
561 313
303 426
288 303
965 288
674 288
873 674
194 873
852 194
382 50
929 382
42 417
51 42
474 42
997 115
475 137
39 475
275 549
15 275
372 15
536 372
801 372
178 73
587 759
166 587
430 405
661 430
684 430
541 661
716 541
71 684
806 60
437 806
718 437
76 718
507 730
99 507
745 8
185 745
955 745
733 185
206 87
350 206
455 350
777 455
636 455
132 777
623 132
36 623
106 36
439 623
386 106
358 132
516 358
151 358
256 151
111 623
306 111
81 111
891 636
731 891
575 106
175 165
297 175
264 297
821 297
671 821
133 30
697 124
301 697
117 301
247 691
370 480
946 358
27 827
654 27
678 654
951 678
887 951
628 27
326 628
508 326
971 508
812 971
893 812
552 893
109 552
633 812
314 887
281 633
299 281
832 299
647 832
252 832
235 832
470 647
950 281
917 27
605 299
533 605
709 605
240 533
763 240
270 516
364 544
228 518
729 965
859 671
710 859
483 293
789 298
949 855
572 949
708 873
505 708
128 82
57 128
680 128
624 226
253 624
878 624
948 624
355 948
86 172
360 86
513 422
746 513
532 730
452 949
839 452
254 301
582 71
212 582
964 582
550 964
962 550
641 962
916 115
800 519
267 800
744 597
389 744
197 744
21 197
341 21
271 21
723 467
799 590
503 38
105 978
862 183
721 925
464 973
993 429
679 993
2 993
657 455
662 525
635 662
442 635
645 602
837 645
963 837
402 83
91 402
376 402
845 38
754 845
861 845
897 845
786 800
486 786
47 486
393 786
788 676
809 301
7 809
751 7
638 362
104 638
398 717
148 398
987 704
570 987
975 570
249 570
216 249
830 987
915 830
176 830
571 176
933 830
634 933
397 634
378 397
727 378
167 933
158 933
31 220
96 31
3 479
595 3
345 3
179 595
195 595
248 595
752 465
411 752
840 411
43 886
122 43
484 43
740 695
24 740
193 90
804 694
677 51
198 677
764 717
849 204
784 849
666 784
646 784
424 222
890 424
620 890
241 620
328 501
617 954
395 316
831 967
499 831
864 499
631 499
449 594
199 245
16 484
232 890
138 996
750 277
613 750
539 102
736 436
46 93
399 832
413 399
100 490
956 745
923 654
625 71
287 988
308 886
173 413
883 173
284 173
187 883
797 152
337 376
280 337
219 280
901 219
894 209
681 894
129 894
693 129
722 182
255 722
6 360
857 6
780 857
504 281
668 677
545 342
976 545
445 976
688 445
995 688
524 887
390 115
383 466
387 84
934 518
278 422
181 848
748 419
10 120
994 972
420 748
66 197
568 341
333 907
838 931
819 275
939 520
242 939
726 567
669 321
627 669
443 861
651 443
396 651
591 604
432 591
686 591
902 152
20 521
843 386
711 843
853 777
813 118
979 813
391 979
522 391
164 522
485 164
500 391
808 164
687 915
238 687
858 518
381 126
900 652
815 949
325 815
367 325
585 367
438 585
969 114
477 969
462 473
348 291
150 348
989 150
612 348
196 150
665 52
5 532
734 483
472 222
188 669
553 886
826 314
772 272
608 772
586 608
119 586
773 772
44 773
0 813
227 0
251 76
415 251
160 676
529 171
927 437
110 197
642 87
542 29
177 542
388 525
785 433
140 785
984 785
903 221
268 903
239 594
506 239
324 799
510 324
818 510
836 324
261 510
54 510
935 54
154 54
760 154
371 398
305 379
648 525
497 883
757 497
611 471
407 129
493 174
551 618
481 551
368 551
824 695
775 244
421 775
125 288
981 125
332 981
698 432
959 256
70 227
203 93
782 861
675 532
423 647
871 423
145 871
755 145
134 755
273 830
375 209
374 534
910 938
526 2
543 3
960 399
482 188
349 948
735 693
180 735
95 180
202 250
869 950
200 576
283 200
56 200
896 200
257 471
456 257
765 456
153 257
700 996
408 751
224 408
683 309
779 683
34 779
205 34
215 22
868 117
237 622
512 237
656 24
85 656
320 150
446 124
45 950
453 199
58 453
489 45
450 489
603 561
79 684
660 79
11 704
9 348
953 9
487 953
444 487
448 9
888 608
441 343
414 470
562 517
616 562
530 497
401 591
606 494
68 606
363 571
502 363
296 831
798 245
870 228
97 870
169 97
650 610
961 792
619 961
403 962
805 758
790 432
225 98
234 480
557 382
992 557
905 310
589 905
659 685
958 491
865 958
912 865
811 613
753 506
578 753
592 753
769 200
331 769
851 942
246 733
14 132
879 276
829 882
847 483
13 278
696 656
778 629
461 193
860 461
78 860
892 78
406 815
335 897
318 213
921 318
229 394
469 783
61 656
937 61
816 36
327 312
431 815
583 354
795 734
435 838
601 303
667 99
643 667
985 643
163 861
63 51
702 305
330 318
737 330
77 252
210 664
294 484
338 233
17 822
943 452
457 465
796 927
637 743
208 645
817 456
762 236
607 219
231 197
835 567
705 150
863 435
982 148
315 982
72 20
554 154
113 526
936 459
258 495
564 174
359 107
588 208
558 21
895 912
941 425
609 360
766 601
103 534
476 849
673 896
922 663
854 729
514 854
339 956
538 258
127 697
1 838
156 562
528 778
655 117
292 828
265 375
579 368
599 938
311 335
640 311
881 668
157 168
720 37
820 675
159 350
274 199
658 63
725 183
28 758
771 782
626 221
344 601
19 440
970 653
914 866
334 178
217 753
715 531
876 452
147 777
302 652
546 817
787 649
53 806
904 94
776 904
738 380
850 937
593 908
947 893
742 148
802 354
699 361
732 507
458 964
282 187
846 93
