-95343 (peso da AGM)
691 586
223 586
690 586
131 690
559 690
984 559
411 559
419 984
397 690
569 397
686 223
460 686
945 460
712 460
167 712
669 167
87 669
828 87
253 167
816 253
107 816
883 107
900 107
674 900
689 900
280 689
936 280
577 674
49 577
9 577
226 9
584 577
234 49
185 234
468 185
142 577
485 669
421 485
683 421
510 683
637 510
62 637
437 637
111 510
168 111
123 168
667 168
659 683
475 111
116 475
859 116
833 859
979 859
184 979
307 184
488 307
869 488
503 488
553 503
850 553
373 850
865 373
753 865
656 865
476 753
960 865
722 656
145 373
714 488
658 714
491 658
778 491
439 778
862 714
630 491
227 491
141 658
173 141
381 491
182 439
861 182
505 861
720 505
682 861
341 720
319 682
595 182
775 595
843 775
152 775
465 152
231 595
620 465
238 620
339 595
315 595
625 152
703 625
746 231
212 746
137 152
648 595
649 648
715 649
400 715
952 715
575 952
208 575
380 208
932 380
563 952
291 208
340 778
582 339
275 582
717 582
687 717
650 865
15 650
361 650
544 475
782 544
89 544
258 89
622 258
187 622
264 187
763 264
929 187
858 622
856 503
598 856
456 598
970 456
942 843
822 682
26 212
144 630
579 144
536 144
661 144
524 536
887 661
761 887
955 761
288 761
377 26
247 377
254 377
946 254
644 254
299 377
646 247
406 152
174 406
953 174
486 953
289 486
34 289
464 486
483 486
353 377
120 353
968 883
492 968
601 510
967 601
750 746
631 750
320 750
741 715
379 741
129 373
298 129
889 280
404 15
588 865
774 746
995 503
76 995
857 995
148 857
813 857
832 995
203 832
710 148
549 710
529 857
269 832
986 289
517 986
924 833
5 924
777 832
428 833
181 428
284 181
947 284
183 428
780 123
438 62
616 438
449 616
617 449
950 449
255 950
539 255
127 539
610 438
516 950
788 516
154 516
20 788
248 20
210 20
35 210
362 20
927 248
28 254
75 28
962 75
504 483
568 504
13 568
923 13
748 923
103 748
186 103
679 186
55 679
934 55
815 934
220 815
22 887
336 22
272 336
547 336
114 547
992 547
804 992
740 992
606 992
224 740
46 224
973 606
913 973
367 913
333 367
225 973
494 225
306 494
2 306
214 333
983 214
680 306
21 680
163 680
61 21
581 61
647 214
207 647
851 207
578 647
121 578
999 121
653 121
473 973
611 992
817 367
665 61
801 2
762 801
792 801
734 456
848 734
277 848
964 277
444 277
692 964
45 692
351 45
830 351
820 830
702 820
442 702
954 702
826 442
949 826
863 949
81 863
755 863
72 81
17 734
959 17
919 826
376 962
562 865
854 562
528 72
499 528
329 184
394 329
796 329
318 329
733 318
735 796
27 735
0 735
395 27
135 329
709 763
557 709
199 499
83 665
613 181
204 524
146 856
285 146
721 665
18 721
159 18
130 721
814 130
454 814
382 454
663 382
282 18
260 578
534 740
40 214
636 40
73 40
301 40
266 301
409 301
455 409
6 266
202 636
890 202
256 528
344 256
875 344
232 256
412 232
608 412
403 890
216 373
969 216
766 329
835 582
33 581
520 608
868 520
74 868
11 46
386 473
474 468
337 474
985 474
518 985
219 518
745 219
47 745
59 219
171 986
108 163
590 108
853 108
688 853
546 688
749 546
237 853
471 237
270 237
399 277
809 399
651 809
730 651
696 730
628 696
531 628
393 830
470 393
908 393
359 908
401 21
642 637
561 642
615 561
124 561
500 642
366 615
335 753
939 335
259 669
866 575
538 866
548 538
387 203
70 351
627 70
525 70
752 525
295 752
764 295
511 764
32 764
345 511
838 764
369 345
422 511
958 32
97 958
771 97
911 97
418 911
110 418
540 168
240 540
846 240
487 540
693 540
371 850
423 371
250 423
975 250
80 148
739 80
799 739
396 799
767 396
158 739
827 739
765 158
343 765
870 343
905 124
245 905
989 765
837 529
305 837
164 305
451 164
274 451
372 274
176 305
880 176
493 880
221 176
583 59
273 748
56 256
756 696
392 653
849 583
481 849
664 481
113 359
676 113
453 676
218 796
198 218
30 218
909 218
585 30
501 761
533 501
757 533
461 757
926 461
77 501
99 501
12 926
991 661
109 460
626 12
68 121
43 68
806 43
961 806
466 340
506 615
566 929
310 566
621 310
323 649
322 437
873 322
515 322
161 702
349 161
66 77
94 66
479 66
834 686
509 890
760 815
328 760
609 834
580 609
532 580
178 532
545 609
133 545
731 133
842 731
743 842
759 842
482 133
192 520
7 255
352 210
704 952
490 539
115 849
489 115
841 489
526 841
215 473
684 103
798 684
888 712
267 109
724 267
662 724
797 267
912 797
155 532
243 155
469 243
660 307
574 187
96 500
425 453
641 945
732 641
293 732
287 293
840 293
779 287
654 779
230 654
738 230
938 738
458 738
452 458
728 452
522 840
550 728
95 550
357 412
916 13
334 916
93 334
375 93
513 93
652 679
138 652
29 652
772 138
677 511
523 677
327 372
356 327
922 327
10 922
165 10
981 165
263 165
467 929
508 950
169 306
363 155
294 363
413 109
593 413
791 753
44 791
994 969
836 33
645 293
805 645
892 68
296 892
58 815
385 75
166 385
769 166
374 385
713 374
884 713
698 884
632 884
128 632
930 632
706 930
410 654
943 166
472 483
612 472
894 612
354 894
57 894
920 689
297 749
194 418
368 194
325 368
948 368
408 669
607 408
864 607
415 864
42 452
860 752
434 860
592 434
657 434
188 959
235 715
629 916
898 792
972 381
881 207
918 923
197 713
537 197
242 408
498 761
768 498
910 216
311 632
977 696
126 806
420 126
265 420
603 420
314 420
8 420
427 603
364 427
564 427
899 364
338 564
60 8
605 972
675 605
440 888
982 968
567 943
554 567
304 554
480 304
205 567
64 755
829 64
222 524
886 222
326 524
787 908
175 787
666 175
31 787
639 31
527 639
193 175
996 193
867 613
246 867
102 246
125 113
378 125
876 378
542 378
671 876
915 128
655 504
747 553
895 232
478 73
831 478
555 831
794 555
462 945
251 574
82 953
893 318
496 983
350 47
819 350
744 350
459 135
980 972
974 980
543 974
808 980
191 970
195 851
119 686
502 832
162 502
63 863
85 337
742 85
52 502
244 52
389 244
885 524
241 52
705 982
931 705
681 931
445 881
701 922
519 728
463 74
640 120
436 266
716 539
391 716
388 716
313 391
914 313
789 391
978 716
965 978
370 914
90 986
416 90
330 416
317 330
101 317
699 772
25 20
551 463
560 111
597 714
180 893
316 180
19 180
825 798
928 825
896 928
971 896
308 415
802 308
321 175
729 321
723 321
104 723
596 321
147 964
633 147
619 147
599 619
153 250
300 60
614 620
990 359
172 56
140 631
727 140
821 163
179 821
521 179
497 179
878 147
993 868
39 993
290 329
446 977
987 334
206 987
426 206
157 426
324 426
847 207
976 466
670 300
800 454
495 800
998 495
332 800
623 332
925 141
708 925
424 928
944 184
736 357
901 191
635 369
189 121
239 189
906 239
432 375
594 843
3 294
201 17
355 81
279 499
150 454
286 506
718 286
751 718
384 230
907 393
871 657
149 871
118 436
51 118
558 934
405 896
810 313
530 627
177 364
91 939
726 91
213 648
737 213
785 737
211 213
229 472
839 367
811 919
882 703
430 759
117 482
587 663
292 587
997 750
507 997
795 507
512 772
78 512
784 533
414 243
707 492
443 64
719 766
398 500
754 320
790 503
576 466
917 90
872 17
602 872
281 513
951 242
132 715
845 132
383 848
48 43
347 183
65 347
695 65
678 104
874 702
209 393
844 540
435 610
565 435
233 579
477 233
67 639
941 686
571 115
897 597
156 500
360 396
348 860
86 49
786 579
365 786
711 220
257 378
783 257
16 737
1 982
956 1
572 1
79 956
638 972
14 472
312 14
904 312
151 872
484 918
309 722
773 237
450 121
190 450
346 190
514 450
937 514
24 2
447 24
69 447
170 447
50 447
88 967
200 515
84 70
589 84
988 666
53 775
160 687
105 424
966 771
457 447
441 213
429 242
98 188
957 98
812 957
276 475
249 876
624 835
573 201
803 573
37 910
963 304
556 963
618 409
71 987
431 796
134 425
823 428
700 745
92 58
879 297
217 241
106 355
725 662
877 725
776 202
112 370
390 512
852 200
262 852
570 262
770 570
196 657
271 338
591 199
855 591
54 644
685 166
136 453
697 528
694 837
41 688
935 389
303 846
417 303
758 380
552 359
302 905
402 965
940 30
143 12
283 143
643 143
433 573
122 433
38 122
793 38
268 652
228 514
100 345
278 814
781 908
933 781
331 933
358 472
236 680
604 930
824 598
668 824
448 948
902 132
541 902
342 224
36 666
600 98
673 600
903 154
535 668
818 669
139 840
407 36
921 254
891 862
4 898
23 860
252 707
261 922
634 150
672 411
807 599
