-94904.6 (peso da AGM)
55 965
447 55
173 55
273 447
648 273
8 447
887 8
978 887
720 978
862 720
681 8
825 173
641 825
521 641
36 648
821 273
30 821
455 30
26 821
848 821
644 447
568 273
823 26
510 455
895 681
130 895
963 130
123 895
608 963
578 608
142 578
360 142
523 142
135 523
70 523
935 135
242 935
878 935
57 878
380 57
126 380
470 380
111 470
110 111
536 895
307 57
147 123
489 147
674 489
567 674
424 674
200 147
520 147
638 520
924 638
519 924
163 519
214 380
761 214
164 380
605 164
874 638
500 163
592 70
505 592
851 135
853 851
891 605
32 891
490 32
344 32
372 891
932 372
218 932
393 372
243 32
401 243
545 243
939 545
266 939
765 266
742 393
987 742
962 742
413 962
540 987
854 540
444 540
44 987
625 44
950 625
301 950
211 950
839 962
547 490
948 547
654 413
769 878
585 769
328 769
544 328
339 328
361 339
637 854
450 147
566 450
466 450
435 566
517 435
350 517
868 566
610 517
549 610
67 549
346 67
574 435
263 574
329 868
615 450
407 615
137 57
379 625
550 379
817 200
732 935
94 868
115 94
99 94
773 94
689 350
501 689
408 501
716 500
395 547
666 413
274 666
609 274
515 544
622 515
184 123
763 761
685 763
311 763
852 311
533 852
233 533
265 533
79 311
204 79
744 204
499 266
901 499
101 901
45 101
542 45
639 101
144 639
5 550
493 5
415 26
0 415
139 466
10 732
595 10
708 505
342 708
908 817
419 908
573 419
514 419
102 514
647 102
967 908
530 967
626 967
576 908
642 102
915 642
50 868
826 5
861 642
477 861
476 861
283 476
409 826
272 409
865 272
683 865
927 683
330 967
1 330
548 1
234 548
953 234
698 953
92 698
463 234
89 463
977 463
93 977
743 93
131 743
254 131
627 476
897 627
246 897
791 246
906 307
512 906
583 512
282 906
460 512
504 460
669 622
35 142
738 435
863 510
635 863
468 635
922 635
611 863
443 863
828 443
377 443
942 611
458 765
136 942
766 136
305 766
13 305
966 611
222 966
21 447
880 30
706 880
723 880
729 723
87 729
931 87
964 87
580 964
956 729
103 729
48 956
731 956
506 731
575 506
485 575
297 729
999 297
235 999
694 573
228 694
802 694
697 409
491 697
653 544
941 485
705 941
980 941
471 980
86 471
816 86
285 86
812 86
692 812
403 812
526 812
811 526
210 812
399 210
837 399
268 837
552 210
107 399
293 837
334 210
430 692
905 941
402 905
651 360
650 651
159 651
507 159
914 159
870 159
725 870
795 725
601 870
820 601
620 795
934 820
473 934
432 601
66 432
352 432
236 432
80 820
150 236
276 150
513 276
40 150
417 914
884 417
918 884
808 884
333 808
814 808
418 814
904 418
824 808
420 814
197 904
162 333
913 162
6 420
345 6
534 345
224 795
205 224
745 352
54 102
531 651
581 531
238 828
702 236
667 702
349 667
174 349
790 174
215 790
237 790
968 237
37 968
898 790
565 37
332 565
983 898
149 983
481 149
885 983
952 983
660 983
758 660
975 758
198 952
760 198
594 399
309 594
482 594
721 482
192 721
973 192
179 192
177 721
62 177
831 177
104 309
14 104
787 192
961 787
100 742
793 648
292 793
614 292
125 614
537 125
680 537
426 125
129 680
859 129
319 129
603 319
384 319
170 292
310 170
632 537
353 793
494 310
217 494
936 505
675 70
158 675
317 158
464 293
693 464
770 409
434 211
452 344
682 452
75 682
369 682
649 682
509 549
441 509
423 441
316 423
844 509
756 316
830 756
792 316
98 792
508 98
718 508
119 423
577 98
302 577
843 577
971 577
124 830
855 124
64 702
972 603
258 972
51 258
630 51
734 630
616 734
113 616
385 616
376 734
291 972
488 291
557 385
832 734
564 113
496 564
982 496
780 982
438 564
171 258
448 171
754 376
873 291
169 385
722 873
347 832
845 347
304 347
815 304
106 304
279 347
752 972
753 752
391 971
337 391
495 935
69 744
340 69
358 69
259 358
479 259
143 259
25 143
746 25
951 746
398 25
572 816
323 572
343 323
527 343
717 323
532 698
671 744
112 913
410 112
472 246
381 472
108 381
314 381
511 314
762 511
563 762
202 563
788 472
389 653
969 389
588 969
247 588
387 247
22 969
800 536
428 304
631 682
806 953
988 224
175 136
370 731
643 370
290 370
140 290
335 140
582 335
406 582
11 335
892 335
657 406
920 657
400 11
49 400
930 400
584 930
255 584
579 255
712 400
679 49
516 255
911 423
917 632
503 753
777 448
569 98
748 569
736 748
46 736
194 748
929 643
991 136
146 991
933 146
88 991
356 991
799 356
41 799
925 799
842 799
193 146
937 193
741 937
122 842
624 503
248 624
280 248
261 578
161 897
673 80
786 673
899 673
2 673
281 2
691 786
522 123
303 55
704 30
185 942
166 185
38 166
195 685
429 948
85 826
487 85
779 487
688 779
250 779
502 688
278 931
105 46
341 105
783 544
357 783
320 357
750 783
203 851
591 203
818 681
652 818
155 129
889 155
81 743
181 380
405 802
465 563
34 465
109 465
404 109
138 413
727 138
560 727
890 652
886 652
230 537
529 236
148 522
365 148
116 365
664 116
655 529
397 655
16 615
76 16
597 513
386 491
451 487
178 671
645 817
212 292
56 212
707 237
730 707
946 707
888 92
882 402
59 67
275 115
229 824
646 274
838 646
188 104
737 188
382 777
546 365
231 112
877 667
733 877
709 877
875 934
240 76
677 240
916 677
992 240
628 992
31 628
219 31
152 905
735 112
260 400
289 260
299 260
909 299
857 552
213 857
923 100
287 923
989 287
543 989
893 543
220 989
24 923
938 98
20 938
82 240
321 82
587 321
239 321
355 870
881 355
986 646
781 851
226 675
253 202
294 54
84 402
687 692
277 687
976 687
700 645
39 700
394 184
782 394
27 150
295 417
960 675
114 110
871 114
803 871
996 105
284 996
772 200
840 772
528 20
755 56
724 709
23 506
153 23
896 585
954 69
461 886
267 724
43 694
225 842
436 225
589 436
368 225
454 92
751 368
416 204
944 289
474 922
656 529
331 276
90 403
586 90
970 620
326 44
822 326
47 755
558 550
156 558
4 156
374 969
52 374
252 202
257 510
759 795
191 592
796 548
990 922
607 520
715 607
633 62
7 633
168 839
710 168
836 710
97 75
315 0
833 315
613 833
883 833
73 930
726 41
462 649
78 793
9 93
719 265
216 719
995 533
665 995
378 995
835 378
872 378
201 719
364 201
813 973
392 66
359 317
498 918
209 863
145 209
559 816
696 559
850 26
367 850
221 2
296 221
525 741
662 525
695 228
634 695
414 634
480 414
17 303
864 508
876 769
33 876
562 876
68 935
703 706
598 703
58 333
919 773
739 919
846 739
206 851
427 520
518 427
189 518
810 189
457 635
29 316
902 16
676 122
132 174
83 595
478 791
117 438
459 41
12 459
571 12
120 346
127 470
959 127
757 204
926 854
318 926
351 832
998 729
486 485
223 813
957 644
670 957
492 644
183 492
701 361
834 977
95 888
241 95
728 806
411 877
847 916
128 886
313 259
453 313
524 453
711 313
805 524
322 703
661 322
866 661
28 866
176 81
949 548
327 949
841 949
539 198
172 539
497 539
551 497
629 385
602 956
894 189
819 894
554 819
858 588
553 647
807 553
71 807
714 71
570 477
264 570
604 522
958 604
903 660
555 102
96 358
19 296
699 888
3 100
740 3
785 956
74 150
767 592
768 767
617 767
856 617
445 617
993 230
207 965
325 516
366 295
475 366
619 475
154 455
943 154
994 943
437 320
286 437
797 225
208 954
663 637
63 663
947 624
196 413
18 206
271 75
910 999
244 281
467 244
375 462
928 375
869 928
535 314
199 179
985 855
65 285
684 688
776 158
60 305
157 60
774 718
658 547
640 2
849 20
446 292
483 617
262 483
77 610
251 437
362 742
829 127
165 829
421 958
433 635
91 433
590 800
422 590
600 422
771 323
121 696
425 52
775 337
449 775
269 449
338 269
312 241
672 369
879 146
618 476
118 753
867 118
53 313
921 782
439 828
227 800
612 343
336 878
912 500
160 796
431 420
186 431
606 555
182 782
907 812
596 294
678 489
256 189
945 899
388 945
974 24
690 279
860 289
440 826
141 691
298 252
232 726
955 872
288 391
151 825
363 213
668 605
801 786
187 797
249 205
300 543
789 858
984 343
133 763
412 200
72 474
270 200
997 932
371 968
180 371
659 431
686 743
484 120
593 382
324 897
636 113
61 971
798 800
784 798
390 625
827 390
396 294
747 396
383 77
940 581
809 157
15 374
599 252
354 868
556 663
167 709
348 324
764 745
538 43
190 510
561 757
373 688
456 893
623 744
469 293
749 994
134 15
778 108
713 843
442 569
794 81
900 195
541 712
306 482
979 795
621 129
42 364
804 153
245 957
308 669
981 785
