-95159.3 (peso da AGM)
722 306
584 722
103 722
356 722
962 103
52 962
191 306
804 191
289 191
785 289
591 785
29 785
512 29
233 785
649 233
509 649
824 649
423 591
82 423
328 82
601 328
498 82
825 498
313 825
945 313
194 825
803 194
315 803
418 785
919 601
772 785
376 772
782 772
949 782
195 782
319 195
552 319
472 195
993 319
838 993
385 993
168 385
849 168
973 849
898 849
390 168
20 498
74 20
726 74
293 195
290 293
71 290
466 71
719 466
978 838
239 978
669 978
34 824
831 34
450 831
421 831
685 831
323 450
872 323
365 685
357 450
159 421
124 159
760 872
748 685
640 748
538 365
712 538
367 760
316 385
559 316
514 559
935 514
60 935
59 60
118 559
402 118
89 402
769 402
805 769
709 118
432 709
815 432
370 432
201 370
541 201
126 370
489 126
217 489
348 217
161 489
530 161
11 126
230 11
279 11
837 201
878 126
992 878
791 992
15 992
569 15
889 791
166 889
950 161
539 950
397 950
767 992
980 432
84 980
51 878
387 569
27 530
304 27
562 304
102 562
243 102
833 243
616 102
863 616
120 863
923 562
739 120
267 739
710 923
806 710
303 60
841 685
934 841
68 934
621 498
869 621
105 803
688 432
774 748
469 569
840 538
220 71
792 220
599 935
580 599
369 580
674 369
970 580
465 397
548 465
6 548
134 792
280 134
457 280
452 457
354 452
380 354
193 452
943 280
439 943
645 439
858 645
823 858
383 823
449 383
821 449
924 439
437 924
372 437
12 452
585 12
44 585
947 12
727 585
65 44
223 585
560 12
811 560
808 811
155 808
861 155
852 861
97 852
99 811
393 811
130 947
960 393
625 645
158 625
899 158
542 899
294 195
114 134
238 114
655 238
708 655
486 708
327 486
761 486
550 761
981 761
786 550
882 786
414 486
547 238
334 981
145 772
224 145
355 145
504 20
561 418
721 561
384 721
865 384
666 865
206 384
79 561
843 79
671 804
626 833
989 626
234 626
501 989
420 501
999 420
692 999
428 501
686 428
165 599
287 165
954 287
258 954
125 258
876 287
322 84
715 322
100 715
957 100
221 402
72 418
197 72
871 640
35 384
227 803
633 882
67 633
413 67
875 413
298 875
764 298
756 67
939 298
750 298
964 939
612 756
164 849
349 541
907 349
737 907
846 469
262 846
887 262
232 262
209 397
986 120
491 992
921 491
309 921
358 309
337 548
291 337
613 291
699 613
581 699
273 581
88 581
796 88
30 796
57 273
36 57
218 36
336 57
519 218
818 519
937 519
32 336
714 32
675 519
225 675
851 225
888 851
115 851
545 115
25 115
592 25
646 592
794 646
534 25
94 545
343 94
317 94
521 851
430 521
210 521
654 430
113 654
644 654
318 210
604 318
643 604
272 604
834 272
662 225
404 430
783 404
977 783
260 980
697 260
747 697
965 260
817 747
98 817
787 98
178 98
117 178
758 787
141 787
85 141
363 117
908 363
672 758
574 908
911 574
880 911
877 911
143 911
793 143
622 574
240 622
382 622
717 382
181 717
896 181
395 880
427 880
140 877
251 140
56 427
728 896
797 717
790 797
609 98
495 609
237 877
972 140
374 240
565 374
859 565
109 565
918 374
398 859
321 859
171 565
857 171
106 908
214 141
249 669
635 249
588 249
891 588
623 891
53 588
492 249
275 492
634 492
80 634
620 80
66 588
400 66
900 66
169 900
47 169
39 47
529 39
425 529
108 425
264 425
497 108
931 529
543 425
186 931
982 39
176 982
778 176
736 206
926 143
104 466
377 262
611 377
987 32
142 911
665 142
341 665
749 341
268 749
333 268
14 333
800 333
347 800
874 347
596 347
829 596
768 829
426 159
881 768
314 140
684 599
411 684
912 411
394 411
659 411
162 811
757 162
854 757
133 854
219 133
184 633
302 184
754 302
16 302
816 16
742 816
447 742
182 447
573 182
431 425
544 431
196 431
320 431
856 719
245 856
660 245
269 660
458 14
17 458
540 17
546 540
537 546
33 537
624 33
292 33
180 760
448 56
283 756
9 887
941 9
131 25
716 131
433 604
953 849
510 320
310 60
606 310
90 606
265 90
70 760
459 70
205 459
690 459
266 690
360 266
207 34
567 207
216 977
890 15
985 541
204 985
988 599
507 219
8 413
405 8
410 8
885 410
951 885
386 885
277 386
479 277
455 479
702 479
886 885
190 455
795 190
503 386
490 503
770 490
173 567
153 411
435 489
340 435
361 340
707 340
338 361
371 665
906 882
271 906
845 906
522 845
481 522
711 481
345 481
781 345
587 345
705 781
990 739
677 33
668 155
725 668
651 349
359 651
476 552
595 476
636 595
884 636
582 884
933 582
650 933
299 941
997 53
121 126
694 155
745 874
111 745
775 965
226 775
563 226
608 805
850 405
801 209
593 14
862 501
485 862
836 688
735 836
274 735
474 561
252 291
484 252
93 252
566 484
163 317
700 852
600 700
351 600
603 93
897 603
549 897
442 897
799 442
235 799
463 235
505 235
929 505
983 463
83 418
494 782
994 193
653 808
658 889
533 658
832 533
69 658
948 69
765 994
352 699
203 140
789 203
213 203
246 213
147 246
499 725
577 546
151 624
157 783
200 157
54 200
788 54
477 104
301 477
172 301
135 172
446 172
810 446
670 957
119 887
468 119
422 774
429 106
63 429
579 63
152 25
802 775
364 794
5 364
920 347
780 920
553 371
630 29
424 630
81 796
368 207
212 514
228 274
663 228
502 446
281 775
528 595
942 528
48 528
842 48
556 48
883 556
379 556
753 556
236 6
42 194
467 42
637 171
855 637
958 637
366 637
177 992
127 530
362 83
137 362
731 137
723 565
571 573
406 565
743 875
828 565
297 828
86 828
475 297
809 475
813 245
632 985
339 632
156 725
45 700
139 209
676 668
713 547
656 713
2 656
967 2
741 57
679 213
766 745
110 118
974 110
961 974
229 961
830 850
628 830
441 830
523 441
87 523
860 87
984 178
535 863
720 766
305 659
520 422
518 520
38 467
695 481
407 823
598 407
525 598
853 875
286 644
627 9
551 627
870 627
188 796
508 188
192 957
975 69
61 926
295 541
28 600
578 700
49 203
288 49
568 700
614 533
416 364
759 475
198 120
555 198
894 81
167 894
681 167
691 167
619 691
308 458
0 308
564 0
244 520
784 47
812 857
968 36
638 968
771 638
129 397
718 541
956 900
532 956
471 532
77 685
570 77
673 570
388 77
689 388
905 689
136 715
26 120
864 26
462 127
248 878
128 465
536 382
724 536
998 724
401 998
58 998
893 58
399 893
440 998
116 440
762 116
40 58
733 772
138 733
526 733
586 157
602 586
755 469
436 755
208 436
19 755
678 766
296 297
311 948
661 962
730 77
10 201
488 550
282 666
112 237
185 962
969 185
443 969
940 969
557 969
732 860
482 457
415 287
515 775
996 828
396 522
242 953
583 242
642 448
938 573
187 169
409 187
909 409
944 909
389 944
572 678
256 994
496 256
24 12
892 24
751 690
696 751
250 751
682 69
438 682
927 438
895 927
92 365
952 449
175 404
820 660
470 299
259 77
78 663
21 981
4 155
307 4
914 17
610 252
531 610
744 103
963 126
353 963
597 353
966 597
331 353
189 963
13 963
146 12
101 146
701 106
95 964
215 95
664 459
752 874
913 161
202 944
868 216
576 868
150 529
647 150
392 304
506 484
31 181
263 147
995 561
64 459
381 272
773 381
132 436
123 132
122 935
517 122
284 894
693 339
959 693
734 600
96 718
285 96
703 894
575 728
740 265
819 740
629 740
144 819
451 619
902 191
605 509
641 730
76 641
170 76
873 101
930 526
513 811
527 707
879 527
344 879
23 344
325 879
922 527
807 175
652 491
971 845
917 971
332 971
618 363
179 537
698 179
255 698
936 698
835 773
453 835
777 470
667 602
683 762
257 387
46 804
231 46
516 742
408 227
839 408
342 790
903 430
241 660
18 734
253 116
904 453
524 904
631 524
928 631
312 983
814 405
847 236
844 536
478 844
62 478
350 478
976 534
826 862
222 387
346 805
37 346
991 463
454 88
680 778
7 348
456 711
41 456
326 4
916 606
329 964
43 407
464 203
199 450
493 82
419 612
149 81
417 319
687 417
211 263
946 302
704 95
558 476
607 57
779 607
154 688
915 154
174 311
460 174
403 507
183 339
444 183
391 205
848 637
300 36
511 300
473 504
822 473
434 310
278 434
270 672
729 270
3 212
107 3
73 774
932 779
148 852
378 424
615 538
867 607
746 3
590 712
827 568
461 651
639 461
657 336
324 522
738 270
594 738
261 336
648 684
276 534
955 527
22 332
483 422
866 832
412 312
330 385
445 571
160 251
373 265
91 373
55 40
706 559
480 951
910 583
763 646
500 16
901 500
487 411
925 746
75 536
776 363
589 84
247 630
979 365
1 704
554 362
617 886
798 278
335 222
375 32
50 375
254 375
