-95076.6 (peso da AGM)
28 683
606 683
934 683
382 934
879 382
193 934
524 193
601 193
159 193
656 159
150 159
171 606
858 171
966 171
190 858
972 171
444 972
414 972
313 972
24 313
238 313
618 238
164 618
545 972
123 545
588 123
730 588
577 588
6 730
12 6
967 12
418 967
980 967
416 980
762 545
425 762
293 425
547 293
819 293
335 819
20 335
482 24
778 482
613 778
592 613
464 592
149 464
686 464
750 686
954 425
534 954
83 534
127 954
282 534
235 444
322 235
560 322
743 560
912 560
94 743
368 912
224 368
138 368
902 224
323 954
108 323
122 323
984 108
451 984
944 451
714 944
670 714
218 984
305 218
723 305
666 723
824 723
664 723
947 664
525 664
573 525
571 525
782 571
598 525
369 598
840 573
894 947
812 894
466 894
582 812
923 664
608 923
851 608
214 851
963 214
633 214
516 633
705 525
848 705
538 516
647 848
993 598
927 723
562 927
687 562
898 687
507 687
152 687
276 152
359 276
339 323
179 778
740 179
895 179
897 895
328 127
38 954
842 879
977 633
738 977
290 416
596 290
378 290
932 378
267 932
512 267
417 932
195 417
77 195
741 77
285 195
452 285
104 285
401 104
65 401
277 65
617 65
729 617
192 401
825 401
103 825
112 103
718 112
764 103
523 764
649 103
105 649
274 105
995 274
160 995
220 160
318 160
48 274
230 192
580 230
61 580
578 61
876 578
926 876
59 926
188 876
208 188
196 208
165 196
109 196
862 196
480 112
873 480
746 112
903 746
97 903
779 903
856 779
539 746
219 779
913 219
431 219
710 856
564 710
654 564
637 710
156 779
81 156
375 81
47 718
920 47
365 192
91 365
298 91
33 97
320 686
863 320
283 863
263 283
816 320
731 263
626 863
948 626
228 626
855 228
324 626
694 228
110 324
529 731
822 863
161 947
989 161
200 989
978 200
703 444
212 703
566 703
66 566
911 66
74 911
163 66
117 74
430 703
951 911
721 951
153 911
581 566
3 581
120 3
222 581
818 222
384 818
82 818
838 384
669 838
776 838
8 818
806 669
572 384
438 572
916 438
301 438
786 3
790 776
279 806
619 438
470 721
505 838
462 505
211 505
772 211
302 211
400 302
699 400
227 699
924 400
845 302
904 845
284 904
554 904
64 554
682 64
798 284
711 798
7 302
569 977
229 569
471 229
975 229
51 838
311 51
221 3
646 221
443 646
943 443
861 943
968 861
385 968
312 385
254 385
331 861
251 254
102 251
116 251
314 116
151 116
681 116
561 681
615 681
559 314
13 102
169 151
182 151
419 943
493 312
930 493
292 116
43 292
830 43
234 830
403 234
142 234
55 142
498 292
410 498
41 410
981 331
642 13
456 578
441 456
535 441
93 535
223 93
622 223
308 622
665 622
639 622
994 639
427 639
749 427
885 749
499 825
544 499
791 544
780 791
233 647
146 233
680 861
329 680
751 329
111 329
295 218
354 751
878 842
114 816
672 151
380 108
632 105
483 632
574 632
728 574
725 728
796 632
189 778
771 721
695 771
625 771
956 625
604 956
737 604
513 956
351 956
467 737
177 467
784 625
69 625
372 513
407 819
167 335
970 179
71 970
488 751
337 488
801 488
449 488
965 449
16 965
144 16
364 16
889 364
486 364
478 144
145 478
23 889
87 16
128 87
326 128
549 364
49 549
411 49
113 549
504 113
868 113
877 868
800 868
334 800
4 334
35 145
854 35
881 854
433 128
826 433
716 826
408 716
689 826
568 689
775 689
667 775
366 775
60 366
949 667
698 449
925 800
203 925
440 925
72 440
420 72
100 925
412 203
342 412
106 440
837 106
253 837
552 837
605 552
941 605
950 605
701 182
871 701
537 871
860 851
648 980
89 648
481 89
952 89
348 481
327 952
26 995
155 26
371 984
875 848
468 875
921 43
39 921
739 39
119 739
143 39
338 143
11 81
935 82
249 818
905 249
287 106
685 989
676 818
201 830
413 480
383 100
457 993
979 457
765 943
136 314
590 35
527 516
611 527
134 527
933 134
532 134
815 532
817 815
344 817
530 817
971 530
180 971
643 180
690 276
269 690
809 525
546 809
697 546
959 546
886 372
178 886
803 916
252 580
453 252
844 731
162 844
634 844
472 162
767 844
272 634
761 801
148 165
915 148
315 148
458 915
531 458
807 43
396 665
18 396
865 18
867 865
909 862
423 784
73 423
874 254
918 897
502 816
355 830
797 355
388 797
753 797
702 276
446 702
888 649
185 888
709 547
404 667
325 738
992 33
395 142
147 395
769 147
602 775
183 602
831 183
542 831
843 831
589 542
700 589
489 407
497 831
491 497
262 491
52 262
68 52
593 497
343 497
671 343
434 593
551 683
651 452
591 403
958 591
713 958
474 591
662 474
45 662
191 662
914 191
715 980
36 525
358 489
805 358
999 148
259 292
794 259
957 68
802 47
884 802
232 884
247 925
906 247
594 247
833 111
910 833
473 582
553 69
733 82
645 733
415 645
891 733
653 473
556 653
638 653
381 653
268 381
510 268
847 638
570 847
271 570
636 570
717 636
887 717
333 887
250 887
576 887
857 576
350 333
168 857
17 168
940 381
448 201
870 448
278 448
240 448
986 65
675 986
124 481
157 271
288 157
210 288
496 210
340 157
945 195
84 534
707 865
297 707
919 707
115 919
299 919
330 299
899 299
787 115
129 297
204 847
207 204
154 207
206 207
132 206
536 132
213 536
760 725
44 760
922 132
976 682
393 976
997 253
205 462
460 263
587 910
429 842
852 429
543 429
901 543
517 901
841 901
209 841
349 209
92 209
46 92
487 372
126 371
929 126
788 126
747 648
0 948
463 707
600 463
194 822
960 329
31 287
270 932
674 463
599 189
306 571
557 306
793 562
391 765
896 126
241 896
399 241
70 210
785 525
469 588
63 638
563 598
773 563
583 61
303 637
495 303
724 535
307 680
280 114
394 280
859 196
501 859
373 501
821 373
752 373
310 12
722 859
518 722
659 722
370 161
490 370
454 490
281 717
390 527
436 390
900 951
121 605
961 121
273 664
336 978
584 214
774 523
528 774
289 785
387 289
319 387
321 387
175 321
173 387
137 321
829 175
691 829
836 321
57 836
245 84
585 179
548 585
673 977
835 302
756 750
309 756
286 756
239 517
172 486
693 305
520 693
341 520
30 693
25 705
125 25
799 25
99 797
405 852
953 530
719 953
432 719
392 809
820 161
9 194
955 9
34 489
755 493
735 308
428 583
937 253
908 604
246 93
500 561
476 889
316 476
133 543
692 310
565 692
610 565
21 610
264 692
655 565
732 655
712 366
422 712
813 0
37 212
166 37
679 778
357 679
514 975
118 148
406 926
202 618
244 44
447 446
607 447
663 74
814 855
872 776
98 380
2 98
1 2
623 855
32 129
811 764
931 342
849 861
484 12
832 570
506 157
759 89
14 759
558 500
494 852
353 418
398 891
256 441
257 800
893 257
726 651
197 726
727 197
78 289
635 456
575 268
777 467
95 802
85 514
882 85
231 85
317 516
27 30
850 401
883 709
660 840
347 660
627 347
260 627
374 627
389 374
521 374
688 976
744 104
789 744
141 744
424 481
652 149
640 396
409 74
363 7
258 862
644 258
296 390
628 296
275 730
455 275
461 213
595 461
763 595
135 872
5 434
990 487
810 132
130 679
181 130
734 181
479 181
541 130
386 541
187 386
748 548
616 748
139 616
866 822
360 387
982 360
485 73
745 485
216 303
356 689
56 356
526 681
533 822
609 424
834 609
198 417
101 254
477 441
80 250
678 78
998 678
985 998
226 954
215 109
377 746
880 865
579 382
361 583
603 605
158 124
54 158
853 54
503 474
15 503
917 15
736 944
808 736
88 808
170 94
768 283
131 924
304 546
79 304
332 494
555 332
839 332
475 405
345 535
96 986
376 498
67 376
988 576
243 999
53 243
962 981
996 254
107 443
421 595
964 421
677 964
706 200
612 706
515 612
620 366
658 53
629 231
465 629
846 962
942 846
804 942
987 804
199 12
261 518
346 261
766 346
435 320
140 435
614 533
58 614
983 614
939 975
828 536
661 706
402 806
864 402
50 864
641 402
300 118
174 196
907 183
827 773
586 554
869 497
890 869
928 890
459 890
597 890
62 835
631 687
668 214
781 331
511 716
657 511
704 141
426 598
186 254
567 631
522 668
266 833
437 607
792 886
650 11
294 956
217 294
237 108
379 297
450 703
519 3
550 678
442 858
991 469
946 991
630 946
184 901
938 31
22 202
973 1
708 334
367 954
892 833
225 843
757 810
439 917
492 632
621 500
265 444
397 432
624 280
42 12
508 234
75 265
795 493
19 645
248 868
936 596
696 886
90 373
352 394
86 367
29 14
76 764
40 446
974 566
758 948
445 898
823 610
969 936
509 852
540 807
255 372
754 856
10 309
783 544
291 107
770 818
176 568
236 216
362 902
242 781
684 621
720 252
742 175
