-95392 (peso da AGM)
157 219
189 157
254 189
948 157
983 948
647 948
533 647
645 533
818 645
352 818
274 352
5 645
178 5
658 352
441 647
237 274
928 237
888 928
465 888
958 928
863 958
22 863
776 888
444 776
246 444
139 444
458 444
894 928
729 22
459 729
900 459
518 900
336 518
32 336
882 729
702 882
109 702
977 882
400 977
346 977
179 346
137 400
363 702
961 179
788 961
949 788
134 949
453 459
489 453
217 489
402 217
943 489
739 402
936 739
44 217
312 44
187 44
16 44
341 16
681 312
429 681
477 312
7 477
516 477
447 429
436 453
322 436
821 788
123 821
885 123
602 322
966 602
143 966
106 977
998 106
775 885
333 44
561 333
534 22
14 534
291 888
279 291
42 279
724 42
111 42
462 724
603 724
800 42
865 800
835 865
145 835
816 835
664 145
268 664
207 145
64 724
932 816
235 835
856 235
697 856
889 664
482 889
605 482
755 605
110 755
464 110
636 482
768 636
710 636
798 835
644 816
54 697
278 54
824 278
876 54
56 876
27 56
209 278
8 824
653 8
365 653
827 653
997 8
25 365
661 22
138 661
362 278
221 768
799 863
284 279
597 284
968 284
554 800
417 821
982 417
962 977
74 962
249 962
136 249
594 249
353 322
522 464
986 522
45 658
585 45
10 585
581 10
870 10
839 10
374 839
337 10
759 10
774 759
433 870
250 374
206 250
830 206
995 10
203 995
316 995
421 995
782 421
694 316
907 374
108 907
880 108
113 870
343 585
17 343
175 17
381 175
471 17
630 343
94 471
241 94
546 241
78 546
243 241
525 78
531 525
668 546
570 668
229 570
273 229
173 273
52 585
321 52
86 337
301 870
951 301
589 951
791 951
559 589
261 559
964 694
107 964
228 964
922 581
450 113
493 450
588 493
656 588
457 656
621 457
643 457
275 643
913 275
746 913
510 450
344 510
296 344
981 510
155 510
690 746
468 690
76 468
29 76
731 468
625 731
297 731
720 297
973 731
451 297
172 451
499 973
521 172
415 451
904 415
486 297
154 76
73 154
709 73
24 154
295 24
836 24
819 24
372 709
66 836
311 66
509 66
479 66
326 479
945 326
972 945
848 479
762 848
582 762
483 582
425 483
714 425
967 714
495 967
332 495
47 332
389 47
360 389
233 389
733 425
438 47
420 483
257 967
975 257
939 76
583 939
6 233
515 819
331 515
48 331
116 733
51 116
379 51
808 379
693 379
931 693
896 808
773 896
704 896
584 483
186 584
31 116
251 52
991 746
635 991
538 635
795 991
765 795
935 765
837 935
260 795
680 991
908 991
906 908
627 52
676 627
867 676
929 839
902 257
923 495
430 808
152 627
338 297
940 338
503 940
766 940
239 503
170 975
881 170
500 625
536 931
391 536
757 391
218 391
828 391
767 828
262 767
397 262
883 397
43 883
454 262
595 454
879 218
164 879
320 397
711 320
0 320
960 164
192 164
79 192
167 79
566 79
703 883
119 703
49 119
9 397
230 9
213 230
934 230
476 9
351 476
979 9
537 979
726 537
560 537
698 537
98 698
887 698
985 698
993 213
392 993
245 392
359 245
121 887
965 6
83 902
871 510
617 8
722 617
927 722
163 927
829 927
23 163
866 927
473 866
418 473
638 418
567 473
446 567
674 163
591 418
100 591
954 829
853 954
324 954
553 178
978 553
557 978
699 557
769 699
760 769
572 760
855 557
984 661
571 134
160 420
150 160
793 150
75 150
188 929
563 188
915 900
891 915
410 891
89 410
990 89
216 990
102 89
809 102
963 410
633 963
730 420
673 262
930 673
480 673
840 179
406 840
969 889
463 969
514 463
646 514
747 936
290 571
496 290
851 496
784 496
657 851
269 657
740 657
488 851
786 647
460 786
347 249
182 693
552 182
684 656
191 468
974 191
461 974
539 461
264 539
826 264
61 461
62 61
348 264
925 539
484 945
632 484
520 668
678 520
215 520
238 215
860 215
634 17
40 463
282 40
200 282
232 200
980 232
576 980
292 576
226 292
754 200
727 980
93 980
212 93
399 226
59 406
578 59
442 59
11 442
38 59
541 442
849 73
813 849
281 813
642 281
696 642
689 696
306 689
517 281
803 517
763 803
618 763
124 618
88 124
556 124
506 88
957 124
893 957
445 273
841 453
843 841
854 824
289 767
590 289
105 590
214 105
305 214
190 289
873 554
394 873
707 873
823 444
256 823
869 823
193 869
39 193
669 869
903 170
101 903
194 254
201 194
946 201
342 201
153 212
688 153
315 688
128 315
408 843
57 509
498 57
909 109
424 909
125 928
624 534
368 316
3 368
749 368
147 368
302 3
401 749
361 401
244 368
543 147
959 368
287 959
382 689
862 617
847 179
748 847
742 847
905 105
971 251
199 978
270 636
610 270
743 333
551 995
822 152
122 822
901 539
938 343
687 336
850 862
878 850
490 878
414 490
555 414
802 555
613 555
764 802
176 235
976 176
706 176
577 976
608 577
565 608
30 176
716 101
677 716
600 677
371 729
623 232
440 361
781 978
373 827
811 52
890 873
248 324
631 248
67 631
112 67
288 112
593 288
407 288
607 407
532 407
383 532
303 163
375 500
825 375
548 825
300 303
651 300
492 300
789 492
599 194
258 599
777 178
741 777
999 741
508 741
810 999
469 741
654 469
666 810
385 153
897 645
616 986
660 743
649 870
579 31
529 962
670 706
611 670
81 483
491 14
549 491
18 674
778 711
628 778
950 628
852 950
330 852
266 778
236 266
307 602
933 915
412 933
796 933
384 933
378 64
409 773
388 409
466 388
807 902
864 923
69 365
568 69
817 568
753 568
205 150
947 109
329 947
231 329
398 947
34 447
648 139
58 648
356 561
734 856
526 563
838 526
340 838
686 838
87 860
545 87
158 545
587 545
97 545
712 966
573 712
263 573
80 263
140 263
761 263
535 761
380 203
90 380
574 90
202 574
419 202
790 574
665 790
220 790
367 380
640 367
744 202
497 202
77 497
253 419
317 425
737 182
204 101
195 111
601 251
671 784
169 365
146 954
721 69
732 721
432 995
103 432
970 415
650 970
989 110
224 989
652 224
622 652
785 224
794 224
280 224
144 280
85 280
834 85
919 144
267 919
771 267
448 399
877 280
956 877
787 573
685 936
357 685
456 357
184 456
507 184
814 743
612 814
95 164
505 741
70 505
277 70
820 277
36 277
431 36
240 36
875 820
792 820
751 792
92 497
527 356
129 92
898 75
404 264
917 200
298 790
114 298
165 298
659 98
467 406
198 467
987 467
717 467
443 467
474 443
225 198
858 225
26 568
349 858
736 349
396 736
434 396
33 356
910 33
37 939
366 37
679 366
208 679
423 37
376 90
411 376
364 774
528 966
183 910
355 31
166 818
293 166
842 293
185 275
804 185
735 384
309 31
994 309
339 866
637 388
692 62
614 692
222 692
452 690
812 452
992 423
335 992
50 335
53 335
569 108
19 808
181 928
695 181
171 695
314 171
988 695
308 407
562 308
196 389
299 308
390 299
68 256
354 68
422 68
327 68
428 327
455 327
719 349
944 298
874 57
413 874
937 874
911 623
35 625
2 692
276 2
953 276
115 953
738 276
63 115
667 578
211 594
831 45
120 198
132 198
475 621
920 296
641 674
13 291
118 13
859 743
805 859
104 53
350 883
558 346
662 263
655 662
713 47
705 491
405 601
815 850
180 37
435 180
141 180
247 141
806 576
701 204
265 701
547 455
921 570
304 921
691 517
149 710
255 649
325 985
319 325
135 325
197 135
310 319
844 353
133 844
797 636
168 250
71 642
586 109
629 538
286 229
328 593
886 92
745 659
619 479
46 362
899 391
832 899
708 832
996 207
159 324
868 159
161 806
84 397
416 115
72 125
130 378
752 130
801 119
272 801
55 327
758 996
942 758
663 197
318 786
542 58
544 542
952 663
127 25
210 3
487 686
148 487
715 905
895 120
501 226
941 501
65 416
358 590
96 537
426 149
626 189
28 824
728 307
683 896
20 417
524 20
596 624
912 596
725 596
156 596
884 607
700 811
82 847
857 692
4 921
756 4
223 790
177 223
846 223
99 846
345 621
242 178
783 242
369 783
227 819
478 983
12 478
386 361
449 337
615 920
914 615
833 432
387 701
504 387
723 744
916 242
427 690
861 664
955 222
142 955
519 215
580 101
41 580
564 491
540 847
750 423
511 750
437 198
672 462
872 724
323 872
609 979
604 609
575 705
439 96
131 419
334 131
162 405
294 131
1 593
772 338
924 280
530 81
234 875
15 79
892 560
377 956
845 454
117 507
512 621
502 949
639 411
620 659
151 527
513 727
126 706
174 323
393 534
550 820
770 784
470 770
718 202
283 718
252 283
285 868
395 962
592 66
370 67
21 425
403 536
494 508
926 611
481 544
313 333
523 404
682 796
271 746
91 895
780 907
779 474
918 695
60 582
675 80
259 445
472 502
485 481
598 942
606 237
