-95069 (peso da AGM)
485 624
373 485
831 624
588 831
935 588
590 588
57 590
541 57
32 590
437 32
885 437
908 437
471 908
724 471
608 724
439 608
196 724
23 196
599 439
431 599
535 196
435 439
420 431
645 420
945 535
140 945
389 196
965 389
569 965
7 389
421 608
874 421
740 421
734 421
417 421
490 417
577 874
988 417
625 439
91 608
990 439
584 420
99 584
747 541
899 747
966 747
333 747
39 333
165 965
361 165
863 361
85 863
968 85
650 165
940 968
539 940
552 645
710 552
233 908
243 541
805 243
403 990
957 23
563 625
40 563
122 40
270 122
578 270
30 270
187 957
419 187
809 419
185 419
529 419
159 419
754 159
175 754
801 175
363 754
281 529
52 281
108 529
859 108
295 159
347 295
434 295
280 347
336 280
225 336
293 336
294 30
906 294
423 906
51 906
255 423
13 423
707 13
684 51
905 684
921 905
923 905
484 923
962 484
412 905
607 13
443 607
414 443
222 414
958 222
68 222
803 68
661 803
982 661
928 803
904 661
440 928
428 928
532 440
344 532
311 344
130 68
133 130
480 905
697 532
282 697
73 282
576 73
799 576
204 576
993 576
177 993
296 177
873 177
424 873
633 424
79 177
250 79
194 250
258 79
467 258
429 467
715 194
19 633
279 467
149 279
855 149
203 855
819 203
92 149
620 92
224 73
760 224
594 224
240 594
214 240
889 214
683 594
969 224
45 240
816 45
980 594
901 816
491 620
416 491
733 416
659 594
482 921
670 424
285 670
779 423
182 779
229 779
121 779
138 229
847 779
877 847
481 877
984 229
749 121
393 847
998 393
616 52
772 616
598 772
678 529
771 678
574 771
498 771
605 498
66 605
822 66
356 66
719 185
385 79
105 385
818 385
867 412
205 867
857 222
125 857
835 857
703 835
820 576
447 958
610 779
949 610
591 949
713 949
989 713
549 949
331 591
808 591
494 949
209 494
784 209
954 784
545 784
104 545
613 954
154 104
323 154
587 209
995 587
371 549
158 371
116 158
868 116
153 868
426 494
228 426
566 228
319 566
171 319
981 171
388 228
961 981
17 961
890 961
325 961
448 325
669 961
173 17
756 173
705 17
34 705
396 34
131 949
560 131
220 989
77 220
269 220
299 989
277 299
201 396
693 201
217 154
338 217
686 338
18 338
337 705
834 995
86 756
29 86
644 29
444 644
500 644
183 500
537 444
508 537
169 508
109 537
427 808
618 444
592 618
544 592
408 618
262 618
75 587
931 75
147 75
64 931
632 64
272 64
798 632
200 64
603 713
875 337
737 875
234 737
69 737
463 69
401 69
932 401
854 932
671 69
232 272
728 140
571 154
752 149
391 801
646 391
534 385
47 121
219 47
251 47
113 251
486 529
433 984
604 396
283 604
887 283
600 887
918 600
94 918
289 283
339 697
712 416
317 712
894 317
181 13
473 904
850 196
617 108
302 617
891 302
829 302
461 891
462 829
48 462
985 48
519 48
660 519
804 660
955 804
654 804
400 654
87 804
370 87
999 400
825 999
306 825
80 306
880 825
145 880
699 34
452 699
151 147
513 669
291 480
216 868
978 216
174 978
685 174
817 685
476 817
411 995
247 411
3 247
74 411
628 482
595 105
557 32
1 232
418 400
621 418
413 621
63 413
354 413
406 621
190 413
951 413
292 951
581 413
886 293
991 886
853 923
321 853
422 853
305 109
6 784
627 6
744 6
139 744
21 6
872 21
128 21
533 128
518 21
776 518
22 776
580 872
983 710
54 816
556 209
58 556
911 728
160 618
56 620
202 56
647 56
757 91
937 325
465 886
499 465
230 499
531 465
114 465
768 465
468 499
287 130
796 287
689 64
520 689
934 689
758 40
564 951
767 531
750 767
856 750
972 767
755 972
615 856
126 615
95 126
474 670
602 474
249 602
352 249
16 352
674 352
37 352
764 37
254 764
405 710
711 405
553 711
404 711
60 404
497 711
941 405
450 553
357 497
910 216
297 60
65 297
14 65
741 531
837 250
410 837
942 837
355 942
648 410
838 740
994 715
898 965
573 898
38 573
554 969
802 554
236 802
698 554
548 236
511 532
152 294
635 152
960 635
727 283
436 854
477 247
977 477
98 977
967 477
788 967
675 788
559 788
732 675
488 732
369 732
61 890
142 297
597 152
781 597
830 597
653 830
878 653
438 781
992 597
470 781
103 830
507 103
974 781
256 974
558 974
565 992
176 565
582 176
701 582
42 582
97 582
720 103
278 720
119 278
191 119
827 878
793 827
310 793
192 310
430 868
946 430
933 946
359 73
907 359
812 122
626 812
973 626
815 812
266 973
189 973
390 189
454 973
483 454
137 454
275 137
614 275
792 275
459 614
227 410
746 227
986 746
506 219
341 506
950 341
288 950
238 506
271 238
457 271
349 295
947 728
926 819
512 955
322 104
681 711
679 681
115 679
12 115
996 12
575 679
538 996
257 47
601 12
593 601
193 593
844 829
828 844
397 828
304 828
883 844
260 844
505 260
731 741
392 731
987 392
664 987
606 664
89 987
550 392
93 392
163 93
377 987
959 377
761 959
5 761
327 731
882 327
795 664
916 987
677 916
386 731
343 882
871 279
164 871
691 164
267 635
716 359
223 767
8 223
688 8
517 688
900 688
453 900
759 688
704 759
876 704
26 876
870 759
672 870
811 369
555 954
667 262
118 667
656 243
162 656
407 162
743 407
912 743
351 701
350 351
738 937
690 738
596 738
753 596
778 753
120 753
687 778
273 837
346 548
237 418
794 237
530 122
315 530
929 653
360 339
43 360
721 916
213 721
884 721
766 884
358 766
589 884
730 213
682 730
383 682
925 766
4 689
141 904
180 772
881 180
265 881
348 265
235 348
845 235
547 235
11 304
334 11
425 11
913 950
503 151
157 87
170 157
914 157
629 792
9 196
649 355
920 118
207 920
25 920
903 25
290 903
314 173
328 549
777 328
623 328
919 328
997 574
975 997
36 43
676 705
112 676
263 285
948 263
215 263
301 263
212 301
320 238
866 320
725 363
335 725
706 335
668 391
789 66
78 789
445 78
638 789
168 638
50 445
917 445
313 613
943 313
188 943
231 16
49 633
971 357
303 710
59 303
695 928
717 153
90 595
10 90
365 725
2 296
460 758
455 648
245 21
895 370
244 895
525 392
622 452
526 622
785 526
572 785
226 526
742 622
62 742
769 62
487 62
666 62
268 64
380 928
543 771
28 543
31 28
527 31
342 543
96 342
762 96
221 762
858 221
101 527
936 221
367 936
938 505
843 938
161 209
702 788
619 26
368 674
102 233
100 391
475 319
374 934
680 596
198 982
865 857
640 638
723 784
585 723
909 145
826 825
409 226
252 796
514 772
662 5
179 662
382 179
765 179
655 765
20 737
782 423
67 649
846 768
862 846
927 506
132 882
832 113
833 205
496 45
376 93
611 376
562 79
340 669
134 616
136 319
495 136
493 495
332 473
722 296
110 589
861 21
791 861
312 791
806 791
583 645
964 473
970 781
657 970
446 657
76 446
780 76
639 780
148 669
372 723
939 829
841 939
24 372
84 752
561 84
673 424
630 673
888 914
261 880
129 829
694 129
432 619
774 937
464 175
540 464
375 464
542 270
643 542
522 337
658 522
472 658
127 658
700 299
308 154
124 846
246 124
489 246
637 489
381 637
135 381
636 777
53 224
286 847
922 720
976 922
44 976
510 600
402 514
248 562
211 593
814 640
824 814
504 465
631 919
83 249
751 83
692 83
836 692
708 83
979 591
516 940
195 742
651 195
284 651
652 284
72 794
143 367
745 385
786 980
953 791
456 702
330 119
810 330
242 810
364 661
848 815
117 68
442 998
546 405
568 234
696 568
634 514
259 795
197 209
787 496
300 563
316 581
71 968
839 71
763 486
892 690
612 187
930 480
156 526
166 72
924 981
82 140
729 76
735 678
55 283
387 279
641 320
362 816
852 785
264 661
609 264
206 234
324 986
199 324
800 707
399 1
521 399
458 521
218 863
579 19
851 202
441 602
241 278
123 347
46 123
709 771
478 242
398 966
748 883
952 291
902 952
492 902
813 972
944 813
479 320
502 470
366 389
395 11
849 646
797 24
309 365
642 498
501 642
821 618
415 882
144 816
860 527
842 468
326 312
586 326
15 405
172 57
81 218
775 666
345 775
718 775
551 140
384 673
897 479
466 219
88 22
186 816
150 186
274 882
773 31
570 238
210 570
208 393
27 250
714 563
253 810
663 930
353 928
963 593
329 393
783 983
879 602
178 913
524 243
790 178
823 568
394 823
35 823
318 35
298 318
523 799
567 235
896 814
665 926
515 789
167 521
956 2
449 79
307 334
736 859
739 593
184 247
451 3
106 754
276 372
893 22
41 745
239 713
509 402
726 43
378 658
528 19
807 610
770 966
155 769
111 477
536 850
840 559
864 455
869 721
107 232
0 848
469 420
33 702
70 211
146 838
915 710
379 735
