-9145.7 (peso da AGM)
77 5
95 77
41 77
84 95
83 5
11 83
73 83
16 73
61 11
33 61
1 33
82 33
55 11
51 83
47 51
50 55
27 50
75 82
92 75
36 27
38 61
97 27
26 5
88 26
94 88
81 94
24 16
68 61
58 50
0 92
43 0
79 97
60 79
53 58
56 41
10 56
71 60
8 71
2 8
93 16
42 93
90 42
70 93
25 70
29 25
91 36
13 91
74 0
48 84
20 8
85 20
62 85
63 85
28 91
3 81
44 3
9 3
89 42
19 89
23 92
76 0
4 76
35 38
98 95
17 5
54 73
22 42
32 22
49 32
52 61
31 10
7 31
12 7
87 12
80 35
6 68
46 33
57 73
78 57
14 52
15 6
66 15
69 57
45 49
39 45
34 39
65 45
96 42
99 52
30 75
64 6
59 28
67 47
40 67
72 66
86 19
21 78
18 49
37 83
