-9335.8 (peso da AGM)
69 25
6 69
74 6
49 74
0 74
71 0
88 71
10 74
86 25
92 88
13 69
87 0
76 87
66 76
75 66
3 66
42 3
63 42
46 25
34 74
61 75
96 86
26 87
67 92
32 69
82 46
70 82
52 70
78 76
41 78
95 78
21 95
80 95
50 21
4 80
85 4
65 85
9 65
7 4
84 65
39 95
16 46
8 63
58 8
33 39
29 13
20 29
98 20
89 29
31 89
36 31
60 36
99 60
77 99
22 89
54 22
45 22
17 34
24 39
37 52
73 37
56 37
11 56
93 73
2 93
1 60
40 21
53 9
30 26
15 30
94 15
64 15
59 2
38 13
18 66
28 18
43 18
12 80
14 85
57 82
23 57
35 61
48 35
47 48
5 35
62 5
90 77
79 3
51 79
19 79
83 98
44 38
68 44
72 59
91 38
81 31
55 77
27 49
97 16
