-9222.4 (peso da AGM)
2 84
77 2
46 77
99 46
60 99
24 60
95 24
76 95
58 76
8 24
94 8
61 95
25 24
69 77
5 69
68 69
26 69
63 77
90 63
75 90
50 90
39 75
0 39
15 0
47 63
4 90
96 4
18 39
33 18
65 18
73 75
85 73
43 85
67 75
51 90
23 63
28 75
13 28
97 23
41 97
32 41
12 32
57 67
49 75
81 49
82 81
56 13
64 56
52 64
22 56
62 22
35 22
38 52
14 46
59 50
9 64
40 0
44 40
45 47
88 49
3 59
34 3
10 34
66 12
16 14
80 16
1 45
48 62
92 33
42 92
29 42
19 29
72 19
53 19
87 19
6 72
37 6
86 42
7 24
74 60
70 74
36 70
31 70
55 31
89 31
79 63
30 79
91 19
93 85
21 87
83 70
71 84
17 87
78 24
11 76
54 11
27 19
20 85
98 35
