-9281.6 (peso da AGM)
76 27
98 76
16 76
95 16
49 95
12 49
58 49
74 27
4 95
10 4
68 4
51 68
79 4
19 51
46 19
40 46
57 51
25 51
77 25
61 77
21 77
65 10
20 65
24 20
36 65
7 36
29 20
60 58
44 58
50 44
69 60
94 69
15 69
78 15
75 27
43 29
22 51
32 22
48 61
0 24
28 0
84 0
11 84
81 28
38 0
88 38
72 24
18 28
52 95
47 52
14 47
71 52
17 71
6 14
62 6
55 14
85 19
33 62
63 33
3 27
66 3
91 3
2 66
39 3
1 18
92 1
87 1
35 87
37 35
83 37
9 37
30 9
73 81
34 98
31 92
82 47
70 82
67 70
93 44
64 74
45 55
13 45
23 45
41 23
89 92
26 36
53 60
54 16
80 73
86 72
56 45
97 76
8 30
42 36
99 4
96 31
5 80
90 15
59 42
