-9175.7 (peso da AGM)
76 36
80 76
84 80
89 84
40 89
23 40
38 84
62 84
98 38
34 62
95 34
16 95
2 16
13 2
88 16
66 98
83 66
65 62
75 16
10 75
58 84
29 58
72 83
15 72
54 15
9 54
25 9
70 66
92 70
90 16
74 90
48 90
47 74
81 47
56 81
51 56
44 25
49 44
42 49
68 10
53 68
37 68
27 37
69 37
91 37
85 53
99 85
3 68
8 68
19 8
79 27
55 37
73 89
39 92
11 40
59 11
20 72
4 90
24 4
0 24
1 4
93 24
46 93
26 20
14 26
60 23
77 34
50 37
22 9
6 1
86 40
63 86
96 36
97 53
64 14
21 64
5 3
28 5
32 25
57 58
12 57
43 26
82 43
41 80
35 11
94 56
71 21
7 21
33 7
52 7
30 93
31 30
45 86
17 40
61 95
67 89
78 54
87 44
18 72
