-9169.8 (peso da AGM)
26 5
81 5
42 81
49 26
43 49
17 49
41 17
66 17
60 66
74 60
47 74
77 60
13 60
9 13
84 9
2 84
4 60
12 4
8 12
87 8
63 8
34 13
78 34
59 78
30 59
53 30
82 53
73 82
90 4
44 90
19 49
22 26
67 22
70 67
33 22
79 22
37 79
86 79
16 79
36 79
94 36
11 79
50 11
57 50
24 11
15 24
89 15
52 36
62 52
96 36
39 67
58 2
23 58
61 87
46 58
6 46
27 79
31 27
20 31
80 27
54 31
68 54
48 27
83 48
76 27
0 33
40 0
65 19
51 96
21 51
28 46
88 82
7 46
35 7
99 48
98 2
10 86
85 10
18 57
71 28
75 71
45 49
91 40
56 91
72 56
55 72
1 48
93 1
38 22
25 54
64 25
97 24
14 1
95 90
3 6
29 23
69 83
92 42
32 79
