-9216.7 (peso da AGM)
5 46
10 46
93 10
13 93
45 13
99 13
65 99
56 65
43 99
97 43
17 43
60 97
54 17
73 56
15 73
33 73
41 43
26 41
51 26
4 51
14 4
92 41
91 14
96 91
52 96
68 52
83 68
98 92
28 83
3 28
94 3
21 26
11 21
67 26
72 67
8 72
16 72
30 83
1 30
25 1
55 1
29 55
57 29
38 94
36 91
79 36
87 79
40 87
66 40
53 36
7 53
63 7
31 63
69 31
2 51
86 2
50 86
49 2
44 79
75 68
64 75
84 1
95 84
82 84
80 82
62 52
0 13
23 4
32 79
76 32
35 76
70 83
6 97
20 6
12 93
47 12
27 47
71 12
24 28
85 52
74 85
88 74
37 88
61 85
18 61
59 61
22 59
58 98
78 25
42 78
9 47
81 93
90 59
77 80
89 77
34 67
48 83
39 67
19 40
