-9132.6 (peso da AGM)
76 29
90 76
54 90
7 54
30 54
49 30
50 49
2 90
13 2
14 2
60 14
11 2
85 13
57 11
79 57
68 60
65 68
74 65
41 74
28 76
12 28
84 28
89 28
3 14
33 3
6 3
92 6
26 92
18 26
8 92
53 92
16 92
24 18
17 30
91 17
48 17
83 48
96 17
64 76
58 26
4 58
67 65
19 67
82 67
47 65
78 13
38 92
80 90
94 91
61 4
42 61
10 19
63 10
73 10
39 91
40 19
23 40
43 23
81 43
44 23
15 43
5 15
37 33
52 96
97 52
34 97
20 52
70 63
55 5
95 76
77 48
22 57
36 34
86 36
98 74
72 13
75 26
35 84
88 12
59 73
66 58
99 66
87 15
93 63
0 80
27 8
21 35
62 96
9 84
69 89
32 96
51 10
46 51
1 57
56 5
31 22
71 31
45 90
25 92
