-9096.5 (peso da AGM)
2 13
96 2
23 96
73 23
80 96
58 80
8 58
17 80
56 8
67 56
34 67
51 67
54 34
92 54
71 51
19 67
7 34
64 58
11 64
41 11
48 54
33 48
59 33
93 59
39 93
4 39
27 4
22 27
18 93
28 18
52 48
61 52
15 61
87 15
12 15
90 12
78 90
81 90
20 52
85 52
97 20
69 39
45 69
3 45
79 3
37 79
88 64
68 12
55 68
26 88
60 26
36 12
77 92
44 23
62 44
72 62
40 19
57 26
47 3
30 23
99 39
6 99
38 99
32 6
21 3
0 21
63 19
74 63
65 7
50 65
82 40
91 99
53 68
49 53
1 49
76 49
10 39
5 76
9 27
16 22
98 16
70 21
14 70
95 22
89 41
94 89
46 0
86 46
25 39
84 13
83 84
43 6
66 86
29 18
75 82
24 92
42 25
35 42
31 68
