-9186.5 (peso da AGM)
78 57
77 78
85 77
24 85
29 24
0 29
96 24
62 29
39 24
59 62
63 29
99 63
40 96
53 40
61 40
47 40
46 47
8 53
68 8
1 68
58 1
22 58
84 1
4 84
20 84
67 53
79 67
36 79
48 79
95 36
32 95
23 4
56 23
76 56
52 76
2 52
13 52
91 13
16 2
37 2
94 56
28 94
11 91
80 11
27 80
55 2
34 80
70 34
30 23
9 30
66 30
81 52
14 80
19 14
35 19
38 19
10 38
43 10
7 43
73 38
15 19
75 15
45 62
51 11
83 8
25 77
88 55
90 16
87 46
21 87
82 80
33 95
72 33
92 33
86 72
12 33
54 4
18 15
60 79
74 57
49 48
64 46
44 95
41 44
3 41
26 39
98 86
42 9
17 0
50 22
31 81
89 3
5 24
69 32
65 70
93 99
71 42
97 71
6 10
