-9292.3 (peso da AGM)
16 24
53 24
87 16
63 53
13 87
38 16
49 38
82 49
20 49
95 20
37 38
35 82
34 35
33 34
59 33
58 20
36 58
54 35
76 34
40 76
14 40
50 14
89 49
70 89
11 70
4 34
47 4
85 47
10 47
23 10
56 10
61 38
5 82
64 5
96 64
68 96
15 68
29 15
79 15
2 15
92 2
12 96
31 12
48 2
17 79
21 17
93 40
60 37
27 60
66 27
88 27
73 60
28 73
84 60
6 29
94 27
44 64
71 44
3 71
7 21
0 7
30 16
22 24
99 37
41 31
39 66
69 49
72 69
25 69
18 25
55 63
19 55
81 19
62 19
45 62
32 45
74 45
80 45
46 19
51 69
67 31
86 67
75 67
57 75
1 75
77 75
97 77
26 20
42 36
91 72
9 12
43 57
83 9
78 75
90 13
65 54
8 81
52 80
98 96
