-9185.1 (peso da AGM)
82 95
35 82
27 82
61 27
86 27
28 61
85 28
17 85
59 17
80 59
57 59
34 57
75 85
98 75
88 98
94 88
10 98
71 10
2 10
73 2
4 73
64 4
6 64
25 6
72 10
8 6
77 72
70 77
48 70
89 77
90 75
29 90
96 29
42 77
3 8
99 72
83 48
54 83
56 83
9 56
15 90
78 17
52 78
31 52
12 52
46 52
76 15
84 83
74 84
33 84
18 84
26 18
30 84
51 30
23 30
50 23
92 23
65 92
63 65
32 35
79 32
67 79
19 59
37 94
44 80
40 99
81 51
21 81
53 21
60 3
91 94
68 91
7 99
0 7
45 0
55 33
14 17
5 31
16 5
11 53
39 72
97 39
38 83
43 51
66 42
69 70
1 79
24 7
41 26
87 95
20 83
36 23
93 76
62 72
47 24
13 47
58 60
22 92
49 53
