-9187.7 (peso da AGM)
96 82
14 96
80 14
81 80
37 81
79 37
46 79
68 80
27 37
33 81
83 79
84 79
7 33
77 7
4 77
1 7
93 4
87 93
35 4
9 1
90 9
19 9
12 19
39 19
89 12
72 39
54 72
18 72
67 18
76 89
62 67
22 62
95 72
0 12
91 0
98 91
36 0
55 36
28 55
52 7
20 55
5 20
45 5
51 96
92 51
57 92
2 80
66 19
71 76
64 71
60 62
21 60
61 60
94 61
42 0
17 42
43 42
13 42
58 66
34 93
69 13
85 64
41 14
56 41
48 56
49 41
63 48
29 36
25 29
74 89
73 58
6 2
44 60
99 44
65 99
24 21
47 7
59 12
38 76
30 85
70 82
31 71
15 31
86 39
32 86
53 4
8 94
10 53
40 0
78 40
3 98
97 8
16 73
11 44
23 0
88 87
75 63
50 75
26 32
