-9135.9 (peso da AGM)
1 45
14 1
67 1
26 1
9 26
51 9
20 26
18 20
38 20
88 38
66 38
46 66
7 20
23 66
28 23
72 23
58 23
90 58
3 90
68 90
62 90
29 62
86 68
16 86
79 86
0 79
17 79
76 17
92 72
13 92
43 92
64 43
63 43
33 43
94 33
84 64
80 94
83 94
54 83
73 54
27 94
2 27
48 2
74 0
49 74
95 74
71 62
25 71
85 7
56 85
19 56
97 56
47 97
59 56
36 59
41 97
55 41
70 55
98 70
35 98
75 41
78 75
93 78
96 93
60 47
34 60
82 96
77 79
4 77
44 4
15 27
37 56
30 71
50 97
40 36
69 71
87 17
91 87
57 68
39 57
81 60
22 81
24 22
5 56
8 48
61 9
11 61
53 56
65 53
42 65
89 42
31 86
6 31
99 45
52 39
12 83
32 31
21 91
10 37
