-9225.6 (peso da AGM)
22 14
43 22
72 22
64 72
44 64
59 44
50 44
9 64
27 9
47 9
61 27
7 27
84 27
21 84
70 64
23 70
24 70
52 61
89 52
56 89
77 56
15 89
2 15
62 2
17 2
80 61
10 80
99 10
65 80
30 80
8 30
78 99
5 70
83 5
85 99
95 85
71 52
36 43
25 65
1 27
34 1
69 34
3 78
67 3
68 67
18 67
42 18
92 18
49 18
32 42
74 32
37 74
54 74
60 50
53 54
91 53
51 53
97 53
58 91
81 97
12 53
86 12
45 86
19 45
48 19
38 48
73 86
20 73
4 20
28 4
76 28
33 76
35 19
41 12
79 41
29 79
93 79
96 35
82 49
46 25
40 46
88 32
26 10
90 20
57 22
55 33
75 57
31 75
94 75
0 94
39 25
16 68
6 31
98 12
87 24
66 54
63 74
11 16
13 11
