-9162.7 (peso da AGM)
25 67
30 25
23 30
39 23
49 23
12 49
77 49
45 77
33 45
18 33
98 18
16 18
99 18
90 16
43 90
40 43
5 40
42 5
36 42
55 98
63 16
66 42
51 98
10 51
38 10
70 38
13 51
26 13
35 51
29 35
85 99
28 43
7 29
9 49
53 9
22 53
31 22
50 22
93 50
41 93
84 41
11 84
24 84
74 33
97 35
3 97
54 5
17 54
47 17
94 47
89 94
87 89
65 87
14 17
68 50
15 68
48 15
79 48
46 15
20 13
82 20
69 20
4 40
2 17
52 43
59 52
19 89
6 87
72 35
64 2
88 26
21 43
81 29
91 18
71 91
37 71
8 42
34 74
57 33
96 57
86 96
1 86
76 68
95 76
44 20
83 15
75 83
73 75
78 86
58 41
32 33
62 89
92 62
0 31
80 2
60 80
27 32
56 88
61 90
