-9299.5 (peso da AGM)
92 34
47 92
1 47
65 1
59 65
61 1
49 47
88 49
84 92
45 92
25 92
51 25
78 51
31 51
22 51
3 22
90 49
75 90
14 75
40 34
66 40
17 47
98 17
67 90
23 67
69 23
12 23
99 12
64 12
54 69
2 90
10 2
37 2
93 10
30 10
76 93
43 30
72 43
8 76
63 8
20 63
97 8
39 8
77 84
52 51
57 52
44 57
89 44
83 57
53 83
73 53
81 73
62 73
11 44
29 57
36 20
0 45
48 45
5 72
7 52
15 7
18 15
55 18
94 18
70 44
56 45
96 17
19 77
33 11
71 99
85 2
35 33
24 35
9 24
27 9
86 27
38 43
16 38
6 38
74 6
42 94
82 42
58 16
50 2
21 78
79 21
68 59
26 63
32 22
28 76
4 77
95 96
87 74
46 55
91 26
80 7
41 28
13 2
60 55
