-9288 (peso da AGM)
83 64
74 83
78 64
60 64
54 60
15 60
2 15
57 2
35 57
33 15
20 78
11 20
41 11
28 20
29 28
10 29
76 29
19 76
66 19
59 66
24 59
53 19
22 53
47 22
38 11
82 76
88 82
3 88
26 3
18 26
51 18
68 3
1 88
25 1
75 25
50 25
17 50
99 17
37 99
61 75
5 61
71 3
32 25
94 5
27 1
21 27
95 71
12 51
65 50
96 65
85 65
6 65
4 18
55 4
58 17
9 58
0 55
84 0
92 84
36 92
77 0
56 65
62 28
69 25
86 59
23 86
90 23
97 90
49 90
73 53
81 20
30 41
13 30
42 0
80 42
7 42
91 27
67 91
14 65
98 14
45 21
40 45
89 23
52 89
48 52
34 69
16 56
31 11
43 3
93 43
87 93
72 95
8 53
44 27
70 44
63 29
79 22
46 58
39 35
