-9102.2 (peso da AGM)
75 43
74 75
88 74
17 74
16 88
44 16
58 44
52 58
11 52
79 11
57 79
40 79
70 40
76 79
50 40
48 40
33 40
49 50
39 49
87 39
86 33
15 70
26 15
1 26
71 1
42 1
72 15
37 72
47 71
36 42
82 48
2 82
41 82
4 82
6 41
3 6
21 6
56 21
93 6
45 93
91 93
7 6
14 7
98 14
12 98
54 98
31 21
20 49
32 86
65 32
69 65
95 32
53 95
30 26
18 48
99 18
68 99
59 68
23 36
22 23
10 72
61 10
60 10
9 72
13 44
5 20
25 39
92 65
62 5
78 72
34 17
38 34
77 91
0 26
28 71
29 79
35 29
8 14
90 45
84 98
97 69
80 6
81 80
24 69
63 16
89 21
51 90
66 40
55 66
96 35
85 96
83 15
27 37
19 27
73 27
64 0
67 78
94 67
46 87
