-9249.5 (peso da AGM)
34 50
43 34
32 34
21 32
28 34
30 50
66 28
3 66
45 3
59 45
11 59
69 66
68 3
93 68
14 93
16 14
26 16
18 14
49 16
36 49
72 36
82 72
12 82
89 82
22 36
27 34
54 27
24 54
76 24
83 27
97 34
13 89
46 13
40 46
98 40
75 98
94 3
74 94
5 76
51 5
52 51
80 52
44 5
88 44
81 52
85 81
61 85
95 85
41 95
71 95
23 95
17 44
33 5
70 61
99 70
79 99
37 22
2 44
64 2
65 2
9 65
8 52
25 43
55 25
42 79
15 42
10 54
78 64
91 97
57 91
62 57
29 22
20 29
7 5
56 7
6 56
38 6
63 7
67 38
1 67
47 38
84 1
92 1
87 66
73 87
60 73
31 47
53 31
58 53
48 58
96 5
77 96
39 63
90 65
35 90
86 82
4 7
19 43
0 58
