-8802 (peso da AGM)
24 87
3 24
46 24
77 46
86 87
28 86
34 77
48 28
68 48
45 68
60 45
12 60
55 12
37 55
88 55
2 88
39 2
44 39
56 55
64 56
61 55
18 64
43 18
76 18
50 76
96 50
99 96
1 18
6 1
80 6
13 6
41 99
30 64
78 30
98 30
38 43
40 44
17 40
84 17
27 39
52 27
29 52
92 76
20 29
59 20
81 64
97 61
85 44
95 85
16 2
51 16
49 51
0 60
54 37
26 92
11 26
71 11
7 30
82 7
4 82
22 4
33 22
69 33
8 69
94 69
19 8
70 26
25 77
9 25
23 25
65 25
31 65
36 82
79 27
57 95
90 48
15 39
21 51
67 16
53 44
5 96
83 12
58 83
91 58
72 91
32 91
63 32
47 34
62 2
66 39
14 98
35 86
74 68
42 24
75 36
93 20
89 87
73 48
10 45
