-8926.6 (peso da AGM)
89 8
67 89
0 89
95 0
90 95
22 90
10 95
76 22
68 76
28 76
54 28
2 68
51 2
84 2
43 84
74 43
49 84
13 49
75 54
63 75
36 63
41 36
94 63
65 36
91 65
52 91
44 91
78 52
33 52
69 33
92 69
17 92
56 94
70 17
48 70
61 91
40 78
18 40
58 18
35 58
34 35
5 0
11 2
42 22
50 42
24 50
25 50
83 41
64 10
62 64
12 62
14 35
23 10
1 23
37 51
72 64
53 72
46 53
73 0
6 73
93 6
9 93
21 58
26 76
98 26
47 5
59 47
38 47
4 68
15 11
79 25
39 79
77 79
81 40
82 81
87 82
80 22
60 80
85 60
55 85
27 60
19 27
99 19
88 99
20 88
3 20
97 3
16 55
71 0
45 67
7 98
29 94
30 29
32 63
66 85
31 66
96 70
86 68
57 60
