-8996.5 (peso da AGM)
43 76
55 43
83 55
11 43
19 11
86 55
1 86
7 1
80 7
46 80
22 46
53 22
39 80
42 39
60 42
67 39
38 86
85 42
81 85
62 85
64 62
27 62
91 64
23 85
56 85
6 56
77 6
26 64
34 85
33 34
52 33
12 33
14 77
88 14
32 64
97 32
69 97
79 69
90 97
59 79
37 79
5 37
25 5
92 25
95 92
93 95
28 93
49 28
24 49
98 25
31 98
72 98
17 24
20 95
0 20
44 32
61 79
68 1
10 68
3 10
71 86
30 71
75 71
66 75
2 34
15 23
94 15
58 15
35 58
63 67
89 85
4 89
16 79
57 38
18 6
54 18
84 93
51 85
50 4
99 6
65 91
74 65
78 74
41 0
82 41
36 72
21 33
45 54
9 23
96 95
73 62
8 95
47 63
40 75
87 69
70 76
48 34
29 44
13 29
