-9024.2 (peso da AGM)
65 78
11 65
3 11
4 3
95 65
55 95
5 55
8 55
67 5
0 5
88 0
53 0
72 53
28 4
59 28
84 59
61 84
2 55
1 65
74 1
77 74
19 77
13 19
18 13
60 18
32 19
15 74
29 32
73 29
79 0
10 78
37 10
41 13
34 41
75 41
21 75
39 21
23 39
69 21
31 75
25 60
86 23
6 86
24 86
82 86
40 0
50 55
26 28
43 13
87 43
17 77
22 21
57 13
68 25
80 68
83 50
85 83
56 85
98 56
90 98
49 98
62 49
35 90
14 35
36 49
47 36
58 47
94 58
93 36
64 21
96 23
52 96
12 52
30 13
7 53
9 7
44 67
92 52
20 47
63 43
81 63
48 81
91 48
76 63
33 11
70 95
46 70
16 70
27 87
66 95
97 66
42 97
45 97
71 19
54 59
51 34
38 78
99 49
89 55
