-9042.9 (peso da AGM)
71 88
67 71
50 67
16 67
0 67
80 0
12 67
2 67
89 2
51 2
61 89
98 61
54 98
1 98
57 51
30 57
78 30
14 30
21 57
91 21
40 91
53 14
74 53
26 57
8 16
44 61
43 44
87 21
13 87
23 13
31 87
86 31
32 86
49 86
7 86
82 7
47 82
68 47
11 31
81 86
66 86
37 31
35 37
58 86
24 58
18 2
52 81
34 52
45 14
10 45
25 45
6 49
46 6
77 49
85 77
42 85
36 42
17 68
38 24
90 42
4 90
83 90
22 4
99 90
79 99
84 79
27 84
70 84
69 70
96 69
19 99
92 19
55 92
41 96
60 19
39 0
94 49
72 94
97 66
63 81
62 42
59 17
95 59
28 59
15 28
75 28
48 75
5 61
33 5
20 70
73 8
29 73
93 29
9 78
3 53
76 57
64 29
56 38
65 83
