-8981 (peso da AGM)
17 84
41 17
22 41
25 22
92 22
10 92
13 10
82 25
19 25
61 10
46 25
11 82
31 11
44 31
53 44
75 92
1 75
40 1
98 40
97 75
0 11
9 0
76 9
89 76
29 9
28 29
81 28
86 89
33 29
47 33
26 47
42 26
14 42
62 14
20 62
63 89
18 33
99 28
70 81
48 18
73 19
60 73
3 53
43 3
90 3
74 43
67 43
6 3
80 6
65 67
34 65
12 65
71 12
77 71
36 20
15 46
38 15
88 15
5 38
93 74
78 93
30 78
59 78
66 65
52 66
32 52
64 52
56 64
4 64
35 4
69 32
79 69
49 79
7 43
50 9
51 0
87 51
2 51
72 2
39 2
91 2
96 32
94 19
8 33
95 8
16 22
55 65
57 55
37 55
23 73
27 59
24 59
68 89
83 29
54 41
21 3
85 79
58 0
45 60
