-8971.4 (peso da AGM)
81 3
93 3
59 93
41 93
87 41
99 81
46 99
24 46
97 99
20 59
73 97
76 73
22 46
95 22
39 95
43 39
44 95
84 44
36 84
10 95
64 44
98 39
86 98
13 43
55 44
32 55
28 55
70 95
89 70
57 89
91 57
18 91
30 3
54 30
74 30
69 74
21 69
85 21
23 21
88 23
61 23
66 61
1 61
67 61
72 93
79 23
11 61
90 46
40 90
77 90
62 77
15 62
12 15
94 15
31 94
50 77
63 12
52 77
56 52
29 62
58 56
17 31
25 17
82 58
26 82
53 82
75 91
71 86
8 44
83 11
37 83
45 55
34 26
48 86
38 57
80 29
6 18
60 85
16 60
4 90
51 95
96 51
9 98
47 9
35 29
68 80
5 68
14 28
7 29
0 7
19 72
42 29
27 42
33 16
78 76
65 44
49 52
2 27
92 44
