-8960.2 (peso da AGM)
70 51
40 70
34 70
73 40
95 73
7 95
98 7
43 95
28 43
32 28
33 28
20 98
44 73
52 95
81 33
99 7
78 52
41 44
15 43
56 52
2 56
93 33
48 78
18 48
89 18
47 89
38 89
87 38
30 18
50 38
64 18
58 64
49 64
3 30
91 64
22 81
13 22
37 49
10 49
84 43
25 84
92 25
53 25
4 84
79 4
83 79
29 79
6 13
57 6
76 57
63 76
11 63
90 81
5 90
96 98
74 96
67 3
39 28
16 2
94 38
17 94
42 94
35 42
19 94
27 2
21 27
66 27
68 66
1 5
77 33
23 77
72 23
69 72
14 72
60 14
12 60
24 12
0 24
54 60
59 0
36 90
75 1
26 32
80 67
45 80
9 98
82 67
97 82
46 97
8 82
71 27
62 52
31 22
55 15
65 23
85 90
61 34
88 59
86 92
