-8884.6 (peso da AGM)
78 54
81 54
89 54
0 89
35 54
3 78
8 3
96 8
72 96
17 72
39 72
25 39
82 35
16 82
65 16
32 82
58 32
90 58
45 90
36 0
11 81
53 11
69 11
33 69
44 53
6 44
14 44
55 14
59 44
79 55
48 79
64 79
13 64
87 90
30 48
62 30
12 62
4 12
71 12
84 71
80 84
63 62
26 12
99 63
95 12
28 95
77 95
61 77
91 61
41 63
34 41
52 34
92 52
97 71
74 12
85 74
37 41
66 78
38 66
83 25
67 48
40 67
50 67
20 59
15 20
5 15
19 30
94 19
2 59
22 97
1 4
43 85
31 84
10 31
56 10
76 31
23 76
73 23
46 23
75 73
68 46
18 46
70 18
24 11
49 12
88 10
51 0
7 40
60 69
98 48
86 3
21 86
93 13
42 93
47 0
29 94
9 46
57 35
27 73
