-8964.7 (peso da AGM)
14 99
74 14
68 74
57 99
85 68
67 68
43 14
36 57
95 36
16 95
58 16
62 58
39 58
79 39
61 79
50 58
63 50
92 50
56 61
22 56
93 99
91 93
78 91
98 91
72 98
97 98
80 97
71 72
2 92
66 91
69 92
37 69
10 69
7 69
89 69
18 10
38 10
0 38
19 0
96 19
48 19
82 48
81 82
70 7
87 89
86 79
77 58
12 89
45 12
65 22
15 98
75 77
52 75
30 75
5 82
28 18
44 52
40 72
21 50
42 30
3 42
47 42
27 40
90 78
53 50
83 66
11 78
23 11
49 11
73 49
20 49
34 20
76 53
13 34
84 85
35 84
55 35
31 55
59 35
51 59
60 59
46 60
41 51
25 89
29 25
32 53
4 82
1 4
17 1
24 77
26 32
8 26
33 26
6 1
94 70
88 71
54 28
9 47
64 28
