-9035.3 (peso da AGM)
58 32
21 58
19 32
31 19
87 31
60 87
73 60
20 73
94 20
25 19
95 21
90 20
99 19
49 99
79 90
14 79
5 79
39 73
45 5
66 94
63 66
55 63
72 55
34 66
12 34
69 12
56 69
7 56
30 7
42 30
15 42
35 15
92 15
85 30
18 42
68 18
65 30
13 12
27 63
77 27
0 7
24 0
33 0
88 35
53 88
23 88
10 23
4 10
57 4
80 57
59 10
82 53
28 19
16 13
2 16
44 34
37 2
84 45
71 84
86 71
1 84
6 86
78 6
54 78
29 54
22 29
8 6
17 88
93 49
62 93
51 62
97 51
76 97
43 76
98 97
38 21
91 94
75 16
81 75
46 25
50 46
47 76
36 47
40 57
61 42
41 49
3 66
9 0
70 9
96 9
67 86
74 67
11 15
26 25
83 60
48 36
52 90
89 52
64 15
