-9105.2 (peso da AGM)
58 60
82 58
63 82
92 63
18 92
48 18
33 18
70 33
67 70
78 67
49 78
81 48
13 49
72 13
98 82
22 98
80 22
3 98
95 98
75 49
77 92
53 77
41 98
28 41
36 28
25 28
10 25
7 25
71 13
96 71
88 49
6 88
0 80
93 0
86 88
73 86
11 3
14 11
99 14
39 99
51 39
31 51
55 31
45 70
2 45
84 2
20 84
59 84
46 59
19 46
8 19
90 48
66 90
9 6
29 10
34 90
23 34
30 23
35 34
21 71
47 18
12 47
85 30
52 12
91 60
87 91
68 2
57 68
79 9
61 79
65 95
4 67
16 4
37 16
27 30
62 95
94 41
15 94
43 14
17 3
97 48
42 12
83 42
56 71
1 8
54 1
64 1
50 97
69 21
74 96
24 2
5 24
40 91
44 53
32 23
76 77
38 29
89 74
26 42
