-8975.8 (peso da AGM)
31 76
56 31
8 56
25 56
35 25
19 25
11 19
63 11
72 11
21 19
16 21
3 35
2 3
18 2
46 2
65 46
29 65
91 46
34 18
99 29
71 99
62 71
57 62
77 57
36 77
96 36
39 96
32 96
41 32
33 32
15 57
20 39
1 36
95 20
42 34
58 46
44 71
78 44
92 78
49 92
59 49
66 59
88 59
4 32
89 4
55 34
45 55
53 45
13 55
24 55
93 53
14 93
47 55
94 53
5 13
43 59
6 43
74 6
64 74
67 64
22 74
7 95
79 7
85 49
75 46
30 79
68 11
27 64
81 14
84 44
69 3
10 69
61 39
12 10
28 63
0 72
37 0
48 37
38 48
83 38
73 83
70 73
23 83
82 23
98 23
40 83
26 40
80 40
52 33
86 70
60 80
50 30
17 98
90 39
51 63
54 34
87 72
9 21
97 75
