-8915.5 (peso da AGM)
83 68
21 83
39 21
51 21
12 21
77 83
71 77
66 12
7 12
17 7
10 17
90 7
53 90
56 53
52 53
63 52
89 83
42 89
78 63
95 21
3 95
50 3
45 3
5 45
98 5
8 98
38 8
93 39
25 56
59 25
65 77
41 65
24 25
35 24
94 24
97 94
73 94
16 73
58 97
72 41
86 72
31 86
15 31
82 52
69 82
36 69
46 59
70 66
57 78
88 57
47 57
22 25
14 22
61 22
43 61
4 61
37 43
55 37
34 55
49 8
11 49
99 11
74 11
29 74
64 29
81 74
48 11
40 48
85 71
30 4
80 30
79 80
62 11
60 99
91 88
54 10
67 15
92 67
19 92
9 67
6 19
18 19
23 52
20 98
0 56
87 0
44 14
75 59
96 36
33 52
2 7
84 95
32 56
13 42
26 72
28 26
27 85
76 87
1 89
