-8834.4 (peso da AGM)
63 39
78 63
73 78
67 73
77 67
22 77
70 67
44 70
69 70
54 67
8 54
49 8
48 54
23 48
68 49
16 8
35 16
75 35
31 75
88 31
45 54
97 68
28 68
79 35
1 79
7 1
60 7
84 79
6 84
29 6
94 60
81 1
34 75
36 79
86 36
58 36
12 58
62 12
50 62
32 36
11 32
72 58
57 86
53 62
30 75
82 30
95 30
56 95
47 88
46 47
76 28
21 76
51 76
10 88
38 10
92 38
14 38
15 36
96 15
89 96
61 14
59 61
98 59
24 98
26 24
87 45
37 78
33 92
66 33
41 28
9 41
83 56
85 23
17 11
4 81
52 73
25 88
99 32
0 51
64 63
74 92
13 26
5 52
90 26
65 6
80 23
42 88
55 42
91 42
3 60
40 41
93 40
18 40
71 93
2 51
27 51
20 98
43 20
19 32
