-8835.8 (peso da AGM)
53 12
63 53
10 63
94 63
59 94
47 94
49 47
26 49
23 63
34 26
69 49
87 69
2 69
60 2
55 60
18 55
98 59
51 98
57 51
11 57
99 11
14 69
70 14
79 70
91 51
82 91
90 91
78 90
64 90
45 64
27 64
74 90
75 78
84 75
37 64
41 37
62 37
46 78
93 75
32 62
1 14
21 49
66 23
48 66
80 66
4 80
68 4
39 4
97 39
38 97
5 4
44 4
92 44
96 82
17 96
88 49
16 88
81 94
30 81
19 60
61 90
85 61
58 61
65 64
25 65
9 25
13 9
35 61
76 35
24 13
71 24
77 62
6 62
54 6
73 6
89 54
31 89
33 89
67 73
7 82
3 7
28 3
0 33
52 54
22 91
15 35
86 15
36 35
50 2
42 1
72 94
43 82
56 44
29 56
40 82
8 1
83 8
95 60
20 37
