-8961.6 (peso da AGM)
58 26
20 58
68 20
37 68
30 68
13 30
82 13
18 26
92 18
16 92
99 16
69 30
83 92
59 92
23 58
75 23
52 23
15 99
78 15
61 78
43 61
67 61
74 61
8 67
1 8
0 8
9 43
32 9
53 32
87 9
57 87
96 87
63 57
73 63
27 87
54 63
3 73
94 27
2 74
81 2
71 1
97 96
39 1
41 71
45 58
25 15
70 45
22 2
84 27
88 84
65 88
31 65
11 65
51 1
72 97
85 87
19 85
46 19
10 19
33 46
6 33
77 46
40 77
24 40
12 40
93 72
79 16
49 79
38 49
35 49
76 24
98 94
7 73
4 7
60 4
56 4
90 7
66 90
21 76
91 82
80 51
50 10
36 49
86 45
42 76
62 70
95 40
34 60
44 81
89 84
48 76
28 48
64 74
55 86
29 80
5 29
14 29
47 62
17 26
