-8896.6 (peso da AGM)
50 86
82 50
90 82
8 90
55 8
35 55
14 35
45 82
97 45
21 45
56 45
67 56
76 67
53 67
94 56
25 21
16 25
29 16
54 25
33 54
64 33
60 33
52 60
5 52
36 52
98 36
4 36
37 5
71 37
49 71
30 49
46 33
18 71
61 18
17 61
74 17
88 74
93 74
38 74
44 38
87 88
23 88
28 23
81 28
19 81
63 55
69 30
73 69
27 73
65 27
59 65
68 27
1 73
41 33
3 41
24 41
9 24
22 9
11 29
57 63
15 22
96 76
83 96
26 68
47 55
42 47
51 42
77 42
95 47
7 51
34 54
31 14
32 18
85 97
78 25
0 55
91 0
80 55
43 80
99 47
20 80
89 80
6 94
10 56
12 47
40 57
13 23
72 42
62 11
79 57
66 30
48 30
84 23
92 20
2 79
70 76
58 3
39 58
75 15
