-8891.1 (peso da AGM)
36 94
29 36
69 36
57 29
32 57
58 32
75 36
77 29
85 77
51 77
19 85
35 51
87 35
65 87
14 87
24 14
91 14
68 14
48 19
90 48
79 90
47 48
5 47
34 47
64 79
93 64
39 93
0 39
74 39
63 74
30 63
41 34
98 41
33 41
97 33
23 97
55 23
53 55
8 23
95 8
38 95
28 8
46 28
7 46
60 28
62 60
4 41
89 4
50 89
2 89
22 62
76 98
81 4
16 7
84 7
42 84
45 16
6 45
70 45
11 39
72 41
66 55
3 6
99 77
13 3
73 48
59 48
56 59
86 45
54 6
37 28
96 70
18 96
9 0
40 9
43 40
80 43
12 80
31 9
67 31
1 67
20 28
44 20
78 28
25 78
82 78
61 72
21 89
10 96
15 21
52 63
27 52
92 33
83 4
17 87
26 82
71 80
49 20
88 50
