-8949.5 (peso da AGM)
60 39
27 60
64 27
91 64
30 91
24 30
62 91
29 62
89 29
44 39
54 91
67 27
53 54
10 54
71 10
72 39
25 72
11 72
55 11
8 55
83 8
84 11
41 27
77 41
61 29
19 77
42 30
6 42
58 6
20 6
73 58
81 73
35 81
21 35
31 21
22 8
99 22
32 10
63 32
68 63
43 68
57 68
46 63
48 63
59 32
79 59
40 43
7 83
9 8
49 9
45 60
74 45
34 61
2 34
86 74
94 86
16 86
33 59
95 62
18 95
23 95
65 95
37 65
85 37
38 72
28 38
26 28
36 38
92 86
13 92
69 37
1 69
4 1
15 11
66 4
50 66
52 66
70 52
5 52
75 70
0 66
88 0
76 27
47 89
93 22
12 30
82 47
96 82
97 82
90 30
51 8
78 51
3 58
14 46
98 86
80 72
56 59
87 56
17 43
